1.0 0.5 0.12 0.6428571428571429 0.5625 0.42 0.2028985507246377 0.6136363636363636 0.8378378378378378 0.358974358974359 0.5510204081632653 0.7073170731707317 0.6585365853658537 0.10196078431372549 0.29545454545454547 0.0641025641025641 0.7631578947368421 0.09183673469387756 0.08653846153846154 0.46551724137931033 0.42 0.3068181818181818 0.2641509433962264 0.043478260869565216 0.18421052631578946 0.05102040816326531 0.14705882352941177 0.2616822429906542 0.029411764705882353 0.04678362573099415 0.04938271604938271 0.1984732824427481 0.0945945945945946 0.12162162162162163 0.75 0.5510204081632653 0.4576271186440678 0.5510204081632653 0.3698630136986301 0.03355704697986577 0.10526315789473684 0.046511627906976744 0.4189189189189189 0.05844155844155844 0.1485148514851485 0.4117647058823529 0.417910447761194 0.23853211009174313 0.04142011834319527 0.2826086956521739 0.055900621118012424 0.6428571428571429 0.125 0.3157894736842105
0.5 1.0 0.19718309859154928 0.8421052631578947 0.7272727272727273 0.46938775510204084 0.10526315789473684 0.3333333333333333 0.6428571428571429 0.35 0.7111111111111111 0.39215686274509803 0.35294117647058826 0.0888030888030888 0.35294117647058826 0.06329113924050633 0.4166666666666667 0.14893617021276595 0.11764705882352941 0.5925925925925926 0.46938775510204084 0.38095238095238093 0.25925925925925924 0.0898876404494382 0.0963855421686747 0.050505050505050504 0.14492753623188406 0.3076923076923077 0.06 0.07142857142857142 0.030120481927710843 0.234375 0.06493506493506493 0.12 0.39215686274509803 0.7111111111111111 0.5818181818181818 0.7111111111111111 0.463768115942029 0.040268456375838924 0.12389380530973451 0.088 0.43243243243243246 0.05128205128205128 0.09345794392523364 0.7804878048780488 0.3150684931506849 0.2830188679245283 0.047337278106508875 0.33707865168539325 0.062111801242236024 0.42857142857142855 0.07627118644067797 0.3076923076923077
0.12 0.19718309859154928 1.0 0.19736842105263158 0.18292682926829268 0.10714285714285714 0.8103448275862069 0.10714285714285714 0.2 0.25 0.18072289156626506 0.10843373493975904 0.1111111111111111 0.14772727272727273 0.15254237288135594 0.22093023255813954 0.1125 0.6973684210526315 0.22727272727272727 0.17582417582417584 0.10714285714285714 0.17094017094017094 0.2898550724637681 0.2826086956521739 0.7230769230769231 0.28865979381443296 0.4084507042253521 0.2975206611570248 0.14414414414414414 0.19642857142857142 0.11627906976744186 0.16993464052287582 0.21176470588235294 0.3815789473684211 0.10843373493975904 0.18072289156626506 0.22727272727272727 0.18072289156626506 0.38636363636363635 0.11392405063291139 0.28695652173913044 0.16296296296296298 0.18691588785046728 0.15625 0.5164835164835165 0.175 0.17 0.16296296296296298 0.1 0.17647058823529413 0.2229299363057325 0.10975609756097561 0.48 0.22033898305084745
0.6428571428571429 0.8421052631578947 0.19736842105263158 1.0 0.8636363636363636 0.4716981132075472 0.18421052631578946 0.4444444444444444 0.7857142857142857 0.5 0.8444444444444444 0.5098039215686274 0.47058823529411764 0.11196911196911197 0.4235294117647059 0.0975609756097561 0.5416666666666666 0.15151515151515152 0.1320754716981132 0.7037037037037037 0.4716981132075472 0.4523809523809524 0.37037037037037035 0.08421052631578947 0.1686746987951807 0.0784313725490196 0.14864864864864866 0.36538461538461536 0.05660377358490566 0.08139534883720931 0.059880239520958084 0.28125 0.11392405063291139 0.125 0.5098039215686274 0.8444444444444444 0.6909090909090909 0.8444444444444444 0.5507246376811594 0.05228758169934641 0.16666666666666666 0.08396946564885496 0.5135135135135135 0.06918238993710692 0.14953271028037382 0.6808510638297872 0.3972602739726027 0.33962264150943394 0.06395348837209303 0.4044943820224719 0.07926829268292683 0.5510204081632653 0.1271186440677966 0.46153846153846156
0.5625 0.7272727272727273 0.18292682926829268 0.8636363636363636 1.0 0.423728813559322 0.17073170731707318 0.4482758620689655 0.6875 0.43478260869565216 0.7450980392156863 0.48214285714285715 0.44642857142857145 0.13076923076923078 0.49411764705882355 0.10344827586206896 0.48148148148148145 0.14285714285714285 0.125 0.7192982456140351 0.423728813559322 0.4222222222222222 0.3559322033898305 0.07920792079207921 0.15730337078651685 0.09433962264150944 0.1375 0.34545454545454546 0.05357142857142857 0.07865168539325842 0.057803468208092484 0.3178294573643411 0.10588235294117647 0.11627906976744186 0.48214285714285715 0.7450980392156863 0.65 0.7450980392156863 0.5066666666666667 0.06369426751592357 0.19827586206896552 0.08029197080291971 0.5526315789473685 0.06666666666666667 0.1415929203539823 0.6037735849056604 0.3670886075949367 0.39622641509433965 0.06779661016949153 0.45555555555555555 0.08284023668639054 0.5185185185185185 0.12096774193548387 0.4
0.42 0.46938775510204084 0.10714285714285714 0.4716981132075472 0.423728813559322 1.0 0.09523809523809523 0.5094339622641509 0.42592592592592593 0.21568627450980393 0.4166666666666667 0.5490196078431373 0.5098039215686274 0.12840466926070038 0.25510204081632654 0.08235294117647059 0.52 0.08411214953271028 0.28421052631578947 0.36231884057971014 1.0 0.2653061224489796 0.16923076923076924 0.07142857142857142 0.08791208791208792 0.06666666666666667 0.12987012987012986 0.2972972972972973 0.045871559633027525 0.09302325581395349 0.05917159763313609 0.1773049645390071 0.0975609756097561 0.15 0.49056603773584906 0.4166666666666667 0.37681159420289856 0.4166666666666667 0.3132530120481928 0.04487179487179487 0.10655737704918032 0.06666666666666667 0.29545454545454547 0.08176100628930817 0.08695652173913043 0.62 0.3333333333333333 0.22033898305084745 0.04519774011299435 0.24509803921568626 0.052941176470588235 0.3684210526315789 0.0975609756097561 0.22916666666666666
0.2028985507246377 0.10526315789473684 0.8103448275862069 0.18421052631578946 0.17073170731707318 0.09523809523809523 1.0 0.1794871794871795 0.18666666666666668 0.23333333333333334 0.1686746987951807 0.18181818181818182 0.18666666666666668 0.15708812260536398 0.1440677966101695 0.20930232558139536 0.1891891891891892 0.5802469135802469 0.21818181818181817 0.16483516483516483 0.09523809523809523 0.1623931623931624 0.2753623188405797 0.23157894736842105 0.8813559322033898 0.27835051546391754 0.4142857142857143 0.2892561983471074 0.11504424778761062 0.17647058823529413 0.1301775147928994 0.16339869281045752 0.2289156626506024 0.38666666666666666 0.18181818181818182 0.1686746987951807 0.2159090909090909 0.1686746987951807 0.375 0.10062893081761007 0.2782608695652174 0.1223021582733813 0.17757009345794392 0.15723270440251572 0.611764705882353 0.09411764705882353 0.20833333333333334 0.15555555555555556 0.09444444444444444 0.16806722689075632 0.2088607594936709 0.18421052631578946 0.5473684210526316 0.2033898305084746
0.6136363636363636 0.3333333333333333 0.10714285714285714 0.4444444444444444 0.4482758620689655 0.5094339622641509 0.1794871794871795 1.0 0.54 0.3191489361702128 0.39344262295081966 0.8809523809523809 0.925 0.14173228346456693 0.29473684210526313 0.05747126436781609 0.8095238095238095 0.08411214953271028 0.1619047619047619 0.36231884057971014 0.5094339622641509 0.24 0.22580645161290322 0.05 0.16470588235294117 0.04672897196261682 0.11538461538461539 0.2743362831858407 0.03636363636363636 0.056179775280898875 0.052941176470588235 0.1773049645390071 0.08433734939759036 0.15 0.8372093023255814 0.39344262295081966 0.3380281690140845 0.39344262295081966 0.2823529411764706 0.03821656050955414 0.125 0.058823529411764705 0.3411764705882353 0.05521472392638037 0.13636363636363635 0.42105263157894735 0.3333333333333333 0.2413793103448276 0.04519774011299435 0.25742574257425743 0.052941176470588235 0.4716981132075472 0.11570247933884298 0.2553191489361702
0.8378378378378378 0.6428571428571429 0.2 0.7857142857142857 0.6875 0.42592592592592593 0.18666666666666668 0.54 1.0 0.5128205128205128 0.673469387755102 0.6170212765957447 0.574468085106383 0.1124031007751938 0.36363636363636365 0.09876543209876543 0.6590909090909091 0.15306122448979592 0.10185185185185185 0.5689655172413793 0.42592592592592593 0.375 0.37735849056603776 0.0851063829787234 0.17073170731707318 0.07920792079207921 0.13513513513513514 0.3177570093457944 0.05714285714285714 0.06936416184971098 0.060240963855421686 0.24427480916030533 0.11538461538461539 0.1125 0.6521739130434783 0.673469387755102 0.559322033898305 0.673469387755102 0.4520547945205479 0.05263157894736842 0.14782608695652175 0.08461538461538462 0.5 0.06962025316455696 0.14018691588785046 0.5294117647058824 0.4225352112676056 0.29357798165137616 0.06432748538011696 0.34782608695652173 0.07975460122699386 0.5625 0.1282051282051282 0.47368421052631576
0.358974358974359 0.35 0.25 0.5 0.43478260869565216 0.21568627450980393 0.23333333333333334 0.3191489361702128 0.5128205128205128 1.0 0.425531914893617 0.2978723404255319 0.3111111111111111 0.06666666666666667 0.25 0.13846153846153847 0.3181818181818182 0.18072289156626506 0.07216494845360824 0.35714285714285715 0.21568627450980393 0.24705882352941178 0.5675675675675675 0.10126582278481013 0.208955223880597 0.10588235294117647 0.06153846153846154 0.18867924528301888 0.054945054945054944 0.0625 0.07333333333333333 0.16535433070866143 0.16129032258064516 0.05714285714285714 0.32608695652173914 0.425531914893617 0.375 0.425531914893617 0.3 0.050724637681159424 0.15841584158415842 0.07692307692307693 0.2972972972972973 0.06206896551724138 0.15053763440860216 0.2857142857142857 0.2463768115942029 0.21153846153846154 0.056962025316455694 0.25287356321839083 0.08783783783783784 0.30434782608695654 0.15841584158415842 0.8636363636363636
0.5510204081632653 0.7111111111111111 0.18072289156626506 0.8444444444444444 0.7450980392156863 0.4166666666666667 0.1686746987951807 0.39344262295081966 0.673469387755102 0.425531914893617 1.0 0.4482758620689655 0.41379310344827586 0.11742424242424243 0.391304347826087 0.0898876404494382 0.4727272727272727 0.14150943396226415 0.12389380530973451 0.6229508196721312 0.4166666666666667 0.4175824175824176 0.32786885245901637 0.0891089108910891 0.25301204819277107 0.07339449541284404 0.13580246913580246 0.4326923076923077 0.05309734513274336 0.08426966292134831 0.06976744186046512 0.26666666666666666 0.10465116279069768 0.11494252873563218 0.4482758620689655 1.0 0.6129032258064516 1.0 0.5 0.05 0.15702479338842976 0.07971014492753623 0.4691358024691358 0.07926829268292683 0.14035087719298245 0.5925925925925926 0.4931506849315068 0.3185840707964602 0.06741573033707865 0.375 0.07602339181286549 0.6938775510204082 0.12 0.391304347826087
0.7073170731707317 0.39215686274509803 0.10843373493975904 0.5098039215686274 0.48214285714285715 0.5490196078431373 0.18181818181818182 0.8809523809523809 0.6170212765957447 0.2978723404255319 0.4482758620689655 1.0 0.9487179487179487 0.13333333333333333 0.2978723404255319 0.05813953488372093 0.9230769230769231 0.08490566037735849 0.1523809523809524 0.4090909090909091 0.5490196078431373 0.26804123711340205 0.22950819672131148 0.04 0.16666666666666666 0.04716981132075472 0.13157894736842105 0.3 0.03669724770642202 0.05056179775280899 0.05325443786982249 0.1956521739130435 0.08536585365853659 0.1518987341772152 0.8571428571428571 0.4482758620689655 0.38235294117647056 0.4482758620689655 0.3170731707317073 0.038461538461538464 0.09836065573770492 0.05925925925925926 0.3614457831325301 0.05555555555555555 0.13761467889908258 0.48148148148148145 0.35526315789473684 0.24347826086956523 0.045454545454545456 0.2727272727272727 0.047058823529411764 0.54 0.11666666666666667 0.2608695652173913
0.6585365853658537 0.35294117647058826 0.1111111111111111 0.47058823529411764 0.44642857142857145 0.5098039215686274 0.18666666666666668 0.925 0.574468085106383 0.3111111111111111 0.41379310344827586 0.9487179487179487 1.0 0.12992125984251968 0.2765957446808511 0.05952380952380952 0.8717948717948718 0.08653846153846154 0.1553398058252427 0.3787878787878788 0.5098039215686274 0.24742268041237114 0.23728813559322035 0.04081632653061224 0.17073170731707318 0.04807692307692308 0.12 0.2818181818181818 0.037383177570093455 0.05113636363636364 0.05389221556886228 0.18115942028985507 0.0875 0.15584415584415584 0.8095238095238095 0.41379310344827586 0.35294117647058826 0.41379310344827586 0.2926829268292683 0.03896103896103896 0.1 0.06015037593984962 0.3373493975903614 0.049689440993788817 0.14018691588785046 0.4444444444444444 0.32894736842105265 0.22608695652173913 0.04597701149425287 0.25252525252525254 0.047619047619047616 0.5 0.11864406779661017 0.2727272727272727
0.10196078431372549 0.0888030888030888 0.14772727272727273 0.11196911196911197 0.13076923076923078 0.12840466926070038 0.15708812260536398 0.14173228346456693 0.1124031007751938 0.06666666666666667 0.11742424242424243 0.13333333333333333 0.12992125984251968 1.0 0.1935483870967742 0.14393939393939395 0.13043478260869565 0.14385964912280702 0.2116788321167883 0.13011152416356878 0.12840466926070038 0.17192982456140352 0.11284046692607004 0.1371841155234657 0.16165413533834586 0.20599250936329588 0.1423076923076923 0.2642857142857143 0.16129032258064516 0.23219814241486067 0.182370820668693 0.2090032154340836 0.171875 0.1482889733840304 0.1377952755905512 0.11742424242424243 0.1776061776061776 0.11742424242424243 0.21292775665399238 0.16927899686520376 0.21052631578947367 0.18 0.19557195571955718 0.20504731861198738 0.17132867132867133 0.11923076923076924 0.16728624535315986 0.22916666666666666 0.234375 0.19081272084805653 0.219435736677116 0.09923664122137404 0.21908127208480566 0.06324110671936758
0.29545454545454547 0.35294117647058826 0.15254237288135594 0.4235294117647059 0.49411764705882355 0.25510204081632654 0.1440677966101695 0.29473684210526313 0.36363636363636365 0.25 0.391304347826087 0.2978723404255319 0.2765957446808511 0.1935483870967742 1.0 0.16379310344827586 0.27956989247311825 0.1276595744680851 0.13793103448275862 0.3979591836734694 0.25510204081632654 0.38016528925619836 0.33707865168539325 0.07246376811594203 0.136 0.15671641791044777 0.1206896551724138 0.2635135135135135 0.08275862068965517 0.10526315789473684 0.07766990291262135 0.3933333333333333 0.16666666666666666 0.10655737704918032 0.2978723404255319 0.391304347826087 0.5164835164835165 0.391304347826087 0.4205607476635514 0.08421052631578947 0.2108843537414966 0.1 0.4811320754716981 0.10824742268041238 0.13513513513513514 0.3191489361702128 0.3486238532110092 0.7980769230769231 0.09615384615384616 0.6346153846153846 0.11557788944723618 0.2872340425531915 0.11949685534591195 0.21428571428571427
0.0641025641025641 0.06329113924050633 0.22093023255813954 0.0975609756097561 0.10344827586206896 0.08235294117647059 0.20930232558139536 0.05747126436781609 0.09876543209876543 0.13846153846153847 0.0898876404494382 0.05813953488372093 0.05952380952380952 0.14393939393939395 0.16379310344827586 1.0 0.060240963855421686 0.1743119266055046 0.24074074074074073 0.09278350515463918 0.08235294117647059 0.13333333333333333 0.2222222222222222 0.125 0.1935483870967742 0.6986301369863014 0.1927710843373494 0.10638297872340426 0.11504424778761062 0.1695906432748538 0.11046511627906977 0.15584415584415584 0.2289156626506024 0.18181818181818182 0.05813953488372093 0.0898876404494382 0.20224719101123595 0.0898876404494382 0.21 0.11464968152866242 0.2894736842105263 0.09090909090909091 0.1559633027522936 0.12195121951219512 0.15126050420168066 0.056818181818181816 0.16 0.17293233082706766 0.12571428571428572 0.19827586206896552 0.18633540372670807 0.058823529411764705 0.2457627118644068 0.14516129032258066
0.7631578947368421 0.4166666666666667 0.1125 0.5416666666666666 0.48148148148148145 0.52 0.1891891891891892 0.8095238095238095 0.6590909090909091 0.3181818181818182 0.4727272727272727 0.9230769230769231 0.8717948717948718 0.13043478260869565 0.27956989247311825 0.060240963855421686 1.0 0.08737864077669903 0.1346153846153846 0.40625 0.52 0.2765957446808511 0.2413793103448276 0.041237113402061855 0.1728395061728395 0.04854368932038835 0.136986301369863 0.308411214953271 0.03773584905660377 0.05142857142857143 0.05421686746987952 0.19117647058823528 0.08860759493670886 0.15789473684210525 0.9230769230769231 0.4727272727272727 0.4 0.4727272727272727 0.3291139240506329 0.0392156862745098 0.10084033613445378 0.06060606060606061 0.35802469135802467 0.05660377358490566 0.14150943396226415 0.5098039215686274 0.3698630136986301 0.22807017543859648 0.046242774566473986 0.26804123711340205 0.04790419161676647 0.5416666666666666 0.11965811965811966 0.27906976744186046
0.09183673469387756 0.14893617021276595 0.6973684210526315 0.15151515151515152 0.14285714285714285 0.08411214953271028 0.5802469135802469 0.08411214953271028 0.15306122448979592 0.18072289156626506 0.14150943396226415 0.08490566037735849 0.08653846153846154 0.14385964912280702 0.1276595744680851 0.1743119266055046 0.08737864077669903 1.0 0.20610687022900764 0.14035087719298245 0.08411214953271028 0.1510791366906475 0.21739130434782608 0.23684210526315788 0.5340909090909091 0.23333333333333334 0.33695652173913043 0.25874125874125875 0.12781954887218044 0.18518518518518517 0.1256544502617801 0.16091954022988506 0.16666666666666666 0.31958762886597936 0.08490566037735849 0.14150943396226415 0.18018018018018017 0.14150943396226415 0.3063063063063063 0.1569767441860465 0.24817518248175183 0.16129032258064516 0.15384615384615385 0.16853932584269662 0.4375 0.13592233009708737 0.13821138211382114 0.13924050632911392 0.11616161616161616 0.14788732394366197 0.2215909090909091 0.08571428571428572 0.3902439024390244 0.15853658536585366
0.08653846153846154 0.11764705882352941 0.22727272727272727 0.1320754716981132 0.125 0.28421052631578947 0.21818181818181817 0.1619047619047619 0.10185185185185185 0.07216494845360824 0.12389380530973451 0.1523809523809524 0.1553398058252427 0.2116788321167883 0.13793103448275862 0.24074074074074073 0.1346153846153846 0.20610687022900764 1.0 0.13333333333333333 0.28421052631578947 0.16083916083916083 0.1346153846153846 0.13076923076923078 0.20512820512820512 0.2727272727272727 0.3723404255319149 0.2236842105263158 0.1223021582733813 0.22340425531914893 0.14507772020725387 0.16201117318435754 0.2 0.3673469387755102 0.1308411214953271 0.12389380530973451 0.19130434782608696 0.12389380530973451 0.24793388429752067 0.12021857923497267 0.3111111111111111 0.10714285714285714 0.16417910447761194 0.16304347826086957 0.18439716312056736 0.18269230769230768 0.2066115702479339 0.1625 0.11822660098522167 0.16551724137931034 0.1945945945945946 0.08108108108108109 0.24647887323943662 0.07446808510638298
0.46551724137931033 0.5925925925925926 0.17582417582417584 0.7037037037037037 0.7192982456140351 0.36231884057971014 0.16483516483516483 0.36231884057971014 0.5689655172413793 0.35714285714285715 0.6229508196721312 0.4090909090909091 0.3787878787878788 0.13011152416356878 0.3979591836734694 0.09278350515463918 0.40625 0.14035087719298245 0.13333333333333333 1.0 0.36231884057971014 0.38 0.2857142857142857 0.11214953271028037 0.15306122448979592 0.08620689655172414 0.1348314606741573 0.3277310924369748 0.0847457627118644 0.10382513661202186 0.07222222222222222 0.2857142857142857 0.10638297872340426 0.11578947368421053 0.3880597014925373 0.6229508196721312 0.5352112676056338 0.6229508196721312 0.4642857142857143 0.08588957055214724 0.18253968253968253 0.1048951048951049 0.47126436781609193 0.07514450867052024 0.19827586206896552 0.5079365079365079 0.3258426966292135 0.49056603773584906 0.07567567567567568 0.38235294117647056 0.10919540229885058 0.4375 0.14615384615384616 0.32727272727272727
0.42 0.46938775510204084 0.10714285714285714 0.4716981132075472 0.423728813559322 1.0 0.09523809523809523 0.5094339622641509 0.42592592592592593 0.21568627450980393 0.4166666666666667 0.5490196078431373 0.5098039215686274 0.12840466926070038 0.25510204081632654 0.08235294117647059 0.52 0.08411214953271028 0.28421052631578947 0.36231884057971014 1.0 0.2653061224489796 0.16923076923076924 0.07142857142857142 0.08791208791208792 0.06666666666666667 0.12987012987012986 0.2972972972972973 0.045871559633027525 0.09302325581395349 0.05917159763313609 0.1773049645390071 0.0975609756097561 0.15 0.49056603773584906 0.4166666666666667 0.37681159420289856 0.4166666666666667 0.3132530120481928 0.04487179487179487 0.10655737704918032 0.06666666666666667 0.29545454545454547 0.08176100628930817 0.08695652173913043 0.62 0.3333333333333333 0.22033898305084745 0.04519774011299435 0.24509803921568626 0.052941176470588235 0.3684210526315789 0.0975609756097561 0.22916666666666666
0.3068181818181818 0.38095238095238093 0.17094017094017094 0.4523809523809524 0.4222222222222222 0.2653061224489796 0.1623931623931624 0.24 0.375 0.24705882352941178 0.4175824175824176 0.26804123711340205 0.24742268041237114 0.17192982456140352 0.38016528925619836 0.13333333333333333 0.2765957446808511 0.1510791366906475 0.16083916083916083 0.38 0.2653061224489796 1.0 0.3953488372093023 0.09558823529411764 0.1532258064516129 0.13043478260869565 0.1391304347826087 0.323943661971831 0.0896551724137931 0.18974358974358974 0.08780487804878048 0.3125 0.19642857142857142 0.14285714285714285 0.26804123711340205 0.4175824175824176 0.5795454545454546 0.4175824175824176 0.5148514851485149 0.11891891891891893 0.18543046357615894 0.10588235294117647 0.5192307692307693 0.16756756756756758 0.2706766917293233 0.34408602150537637 0.39622641509433965 0.3722627737226277 0.09569377990430622 0.3902439024390244 0.12060301507537688 0.28421052631578947 0.16233766233766234 0.2261904761904762
0.2641509433962264 0.25925925925925924 0.2898550724637681 0.37037037037037035 0.3559322033898305 0.16923076923076924 0.2753623188405797 0.22580645161290322 0.37735849056603776 0.5675675675675675 0.32786885245901637 0.22950819672131148 0.23728813559322035 0.11284046692607004 0.33707865168539325 0.2222222222222222 0.2413793103448276 0.21739130434782608 0.1346153846153846 0.2857142857142857 0.16923076923076924 0.3953488372093023 1.0 0.14772727272727273 0.25 0.21348314606741572 0.12162162162162163 0.21739130434782608 0.0891089108910891 0.09523809523809523 0.10062893081761007 0.265625 0.3230769230769231 0.11392405063291139 0.22950819672131148 0.32786885245901637 0.5689655172413793 0.32786885245901637 0.4788732394366197 0.07432432432432433 0.2018348623853211 0.10236220472440945 0.4666666666666667 0.11258278145695365 0.18627450980392157 0.2222222222222222 0.4084507042253521 0.3333333333333333 0.08383233532934131 0.33695652173913043 0.12903225806451613 0.23333333333333334 0.21296296296296297 0.5277777777777778
0.043478260869565216 0.0898876404494382 0.2826086956521739 0.08421052631578947 0.07920792079207921 0.07142857142857142 0.23157894736842105 0.05 0.0851063829787234 0.10126582278481013 0.0891089108910891 0.04 0.04081632653061224 0.1371841155234657 0.07246376811594203 0.125 0.041237113402061855 0.23684210526315788 0.13076923076923078 0.11214953271028037 0.07142857142857142 0.09558823529411764 0.14772727272727273 1.0 0.22772277227722773 0.1810344827586207 0.24444444444444444 0.20714285714285716 0.25225225225225223 0.24561403508771928 0.1657142857142857 0.11046511627906977 0.19791666666666666 0.21875 0.04 0.0891089108910891 0.12149532710280374 0.0891089108910891 0.24074074074074073 0.16770186335403728 0.23076923076923078 0.2900763358778626 0.10317460317460317 0.19393939393939394 0.2 0.08163265306122448 0.11206896551724138 0.11920529801324503 0.12903225806451613 0.09352517985611511 0.1724137931034483 0.05102040816326531 0.23076923076923078 0.10526315789473684
0.18421052631578946 0.0963855421686747 0.7230769230769231 0.1686746987951807 0.15730337078651685 0.08791208791208792 0.8813559322033898 0.16470588235294117 0.17073170731707318 0.208955223880597 0.25301204819277107 0.16666666666666666 0.17073170731707318 0.16165413533834586 0.136 0.1935483870967742 0.1728395061728395 0.5340909090909091 0.20512820512820512 0.15306122448979592 0.08791208791208792 0.1532258064516129 0.25 0.22772277227722773 1.0 0.25961538461538464 0.37662337662337664 0.34710743801652894 0.10833333333333334 0.17613636363636365 0.13793103448275862 0.15625 0.2111111111111111 0.35365853658536583 0.16666666666666666 0.25301204819277107 0.2 0.25301204819277107 0.3473684210526316 0.0963855421686747 0.26229508196721313 0.11643835616438356 0.16666666666666666 0.16463414634146342 0.5652173913043478 0.08695652173913043 0.28125 0.14788732394366197 0.0967741935483871 0.15873015873015872 0.2 0.27631578947368424 0.5098039215686274 0.18181818181818182
0.05102040816326531 0.050505050505050504 0.28865979381443296 0.0784313725490196 0.09433962264150944 0.06666666666666667 0.27835051546391754 0.04672897196261682 0.07920792079207921 0.10588235294117647 0.07339449541284404 0.04716981132075472 0.04807692307692308 0.20599250936329588 0.15671641791044777 0.6986301369863014 0.04854368932038835 0.23333333333333334 0.2727272727272727 0.08620689655172414 0.06666666666666667 0.13043478260869565 0.21348314606741572 0.1810344827586207 0.25961538461538464 1.0 0.27956989247311825 0.15789473684210525 0.140625 0.2154696132596685 0.15300546448087432 0.2147239263803681 0.2978723404255319 0.2653061224489796 0.04716981132075472 0.07339449541284404 0.19811320754716982 0.07339449541284404 0.25892857142857145 0.13372093023255813 0.40336134453781514 0.11392405063291139 0.15873015873015872 0.1791907514450867 0.2076923076923077 0.046296296296296294 0.15254237288135594 0.1891891891891892 0.16042780748663102 0.20454545454545456 0.3105590062111801 0.047619047619047616 0.31496062992125984 0.10975609756097561
0.14705882352941177 0.14492753623188406 0.4084507042253521 0.14864864864864866 0.1375 0.12987012987012986 0.4142857142857143 0.11538461538461539 0.13513513513513514 0.06153846153846154 0.13580246913580246 0.13157894736842105 0.12 0.1423076923076923 0.1206896551724138 0.1927710843373494 0.136986301369863 0.33695652173913043 0.3723404255319149 0.1348314606741573 0.12987012987012986 0.1391304347826087 0.12162162162162163 0.24444444444444444 0.37662337662337664 0.27956989247311825 1.0 0.24793388429752067 0.14150943396226415 0.21875 0.12048192771084337 0.1456953642384106 0.19753086419753085 0.7368421052631579 0.13157894736842105 0.13580246913580246 0.18604651162790697 0.13580246913580246 0.3488372093023256 0.1038961038961039 0.3786407766990291 0.12686567164179105 0.1523809523809524 0.15483870967741936 0.2815533980582524 0.1282051282051282 0.16842105263157894 0.14393939393939395 0.0847457627118644 0.1452991452991453 0.18471337579617833 0.13333333333333333 0.25663716814159293 0.06451612903225806
0.2616822429906542 0.3076923076923077 0.2975206611570248 0.36538461538461536 0.34545454545454546 0.2972972972972973 0.2892561983471074 0.2743362831858407 0.3177570093457944 0.18867924528301888 0.4326923076923077 0.3 0.2818181818181818 0.2642857142857143 0.2635135135135135 0.10638297872340426 0.308411214953271 0.25874125874125875 0.2236842105263158 0.3277310924369748 0.2972972972972973 0.323943661971831 0.21739130434782608 0.20714285714285716 0.34710743801652894 0.15789473684210525 0.24793388429752067 1.0 0.19463087248322147 0.22330097087378642 0.18536585365853658 0.2568306010928962 0.2222222222222222 0.31092436974789917 0.3 0.4326923076923077 0.3706896551724138 0.4326923076923077 0.47863247863247865 0.17616580310880828 0.2360248447204969 0.20930232558139536 0.3484848484848485 0.21025641025641026 0.25165562913907286 0.3942307692307692 0.3333333333333333 0.2606060606060606 0.2028985507246377 0.28187919463087246 0.17391304347826086 0.3148148148148148 0.25157232704402516 0.17142857142857143
0.029411764705882353 0.06 0.14414414414414414 0.05660377358490566 0.05357142857142857 0.045871559633027525 0.11504424778761062 0.03636363636363636 0.05714285714285714 0.054945054945054944 0.05309734513274336 0.03669724770642202 0.037383177570093455 0.16129032258064516 0.08275862068965517 0.11504424778761062 0.03773584905660377 0.12781954887218044 0.1223021582733813 0.0847457627118644 0.045871559633027525 0.0896551724137931 0.0891089108910891 0.25225225225225223 0.10833333333333334 0.140625 0.14150943396226415 0.19463087248322147 1.0 0.21311475409836064 0.18994413407821228 0.0989010989010989 0.21568627450980393 0.125 0.03669724770642202 0.05309734513274336 0.08403361344537816 0.05309734513274336 0.1349206349206349 0.3971631205673759 0.15753424657534246 0.7115384615384616 0.08029197080291971 0.17045454545454544 0.14388489208633093 0.05504587155963303 0.06976744186046512 0.11949685534591195 0.25142857142857145 0.09523809523809523 0.15760869565217392 0.027522935779816515 0.14965986394557823 0.056818181818181816
0.04678362573099415 0.07142857142857142 0.19642857142857142 0.08139534883720931 0.07865168539325842 0.09302325581395349 0.17647058823529413 0.056179775280898875 0.06936416184971098 0.0625 0.08426966292134831 0.05056179775280899 0.05113636363636364 0.23219814241486067 0.10526315789473684 0.1695906432748538 0.05142857142857143 0.18518518518518517 0.22340425531914893 0.10382513661202186 0.09302325581395349 0.18974358974358974 0.09523809523809523 0.24561403508771928 0.17613636363636365 0.2154696132596685 0.21875 0.22330097087378642 0.21311475409836064 1.0 0.21610169491525424 0.1322314049586777 0.15789473684210525 0.19760479041916168 0.05056179775280899 0.08426966292134831 0.12154696132596685 0.08426966292134831 0.20555555555555555 0.2318181818181818 0.32786885245901637 0.21739130434782608 0.11557788944723618 0.26126126126126126 0.2393617021276596 0.07386363636363637 0.11578947368421053 0.1559633027522936 0.25213675213675213 0.12980769230769232 0.2643171806167401 0.056818181818181816 0.24615384615384617 0.06369426751592357
0.04938271604938271 0.030120481927710843 0.11627906976744186 0.059880239520958084 0.057803468208092484 0.05917159763313609 0.1301775147928994 0.052941176470588235 0.060240963855421686 0.07333333333333333 0.06976744186046512 0.05325443786982249 0.05389221556886228 0.182370820668693 0.07766990291262135 0.11046511627906977 0.05421686746987952 0.1256544502617801 0.14507772020725387 0.07222222222222222 0.05917159763313609 0.08780487804878048 0.10062893081761007 0.1657142857142857 0.13793103448275862 0.15300546448087432 0.12048192771084337 0.18536585365853658 0.18994413407821228 0.21610169491525424 1.0 0.13247863247863248 0.24342105263157895 0.11046511627906977 0.05325443786982249 0.06976744186046512 0.096045197740113 0.06976744186046512 0.14917127071823205 0.2073732718894009 0.16417910447761194 0.18536585365853658 0.08121827411167512 0.2843601895734597 0.13705583756345177 0.04046242774566474 0.0972972972972973 0.11467889908256881 0.3523809523809524 0.0970873786407767 0.20346320346320346 0.059880239520958084 0.17 0.07482993197278912
0.1984732824427481 0.234375 0.16993464052287582 0.28125 0.3178294573643411 0.1773049645390071 0.16339869281045752 0.1773049645390071 0.24427480916030533 0.16535433070866143 0.26666666666666666 0.1956521739130435 0.18115942028985507 0.2090032154340836 0.3933333333333333 0.15584415584415584 0.19117647058823528 0.16091954022988506 0.16201117318435754 0.2857142857142857 0.1773049645390071 0.3125 0.265625 0.11046511627906977 0.15625 0.2147239263803681 0.1456953642384106 0.2568306010928962 0.0989010989010989 0.1322314049586777 0.13247863247863248 1.0 0.2846715328467153 0.12658227848101267 0.18705035971223022 0.26666666666666666 0.4140625 0.26666666666666666 0.3732394366197183 0.10666666666666667 0.22777777777777777 0.12745098039215685 0.3793103448275862 0.1834862385321101 0.15300546448087432 0.21897810218978103 0.3013698630136986 0.4024390243902439 0.15319148936170213 0.42 0.17256637168141592 0.19708029197080293 0.17553191489361702 0.15079365079365079
0.0945945945945946 0.06493506493506493 0.21176470588235294 0.11392405063291139 0.10588235294117647 0.0975609756097561 0.2289156626506024 0.08433734939759036 0.11538461538461539 0.16129032258064516 0.10465116279069768 0.08536585365853659 0.0875 0.171875 0.16666666666666666 0.2289156626506024 0.08860759493670886 0.16666666666666666 0.2 0.10638297872340426 0.0975609756097561 0.19642857142857142 0.3230769230769231 0.19791666666666666 0.2111111111111111 0.2978723404255319 0.19753086419753085 0.2222222222222222 0.21568627450980393 0.15789473684210525 0.24342105263157895 0.2846715328467153 1.0 0.18604651162790697 0.08536585365853659 0.10465116279069768 0.2804878048780488 0.10465116279069768 0.3076923076923077 0.1610738255033557 0.19834710743801653 0.17557251908396945 0.21568627450980393 0.28169014084507044 0.17391304347826086 0.05813953488372093 0.22580645161290322 0.203125 0.19631901840490798 0.1810344827586207 0.18125 0.08641975308641975 0.20833333333333334 0.1694915254237288
0.12162162162162163 0.12 0.3815789473684211 0.125 0.11627906976744186 0.15 0.38666666666666666 0.15 0.1125 0.05714285714285714 0.11494252873563218 0.1518987341772152 0.15584415584415584 0.1482889733840304 0.10655737704918032 0.18181818181818182 0.15789473684210525 0.31958762886597936 0.3673469387755102 0.11578947368421053 0.15 0.14285714285714285 0.11392405063291139 0.21875 0.35365853658536583 0.2653061224489796 0.7368421052631579 0.31092436974789917 0.125 0.19760479041916168 0.11046511627906977 0.12658227848101267 0.18604651162790697 1.0 0.1518987341772152 0.11494252873563218 0.16304347826086957 0.11494252873563218 0.31521739130434784 0.10062893081761007 0.33636363636363636 0.11428571428571428 0.13513513513513514 0.15 0.26851851851851855 0.14814814814814814 0.1485148514851485 0.1223021582733813 0.08241758241758242 0.13008130081300814 0.18633540372670807 0.1111111111111111 0.2457627118644068 0.05970149253731343
0.75 0.39215686274509803 0.10843373493975904 0.5098039215686274 0.48214285714285715 0.49056603773584906 0.18181818181818182 0.8372093023255814 0.6521739130434783 0.32608695652173914 0.4482758620689655 0.8571428571428571 0.8095238095238095 0.1377952755905512 0.2978723404255319 0.05813953488372093 0.9230769230769231 0.08490566037735849 0.1308411214953271 0.3880597014925373 0.49056603773584906 0.26804123711340205 0.22950819672131148 0.04 0.16666666666666666 0.04716981132075472 0.13157894736842105 0.3 0.03669724770642202 0.05056179775280899 0.05325443786982249 0.18705035971223022 0.08536585365853659 0.1518987341772152 1.0 0.4482758620689655 0.38235294117647056 0.4482758620689655 0.3170731707317073 0.038461538461538464 0.11666666666666667 0.05925925925925926 0.3780487804878049 0.062111801242236024 0.13761467889908258 0.48148148148148145 0.35526315789473684 0.24347826086956523 0.045454545454545456 0.2727272727272727 0.05952380952380952 0.5098039215686274 0.11666666666666667 0.2608695652173913
0.5510204081632653 0.7111111111111111 0.18072289156626506 0.8444444444444444 0.7450980392156863 0.4166666666666667 0.1686746987951807 0.39344262295081966 0.673469387755102 0.425531914893617 1.0 0.4482758620689655 0.41379310344827586 0.11742424242424243 0.391304347826087 0.0898876404494382 0.4727272727272727 0.14150943396226415 0.12389380530973451 0.6229508196721312 0.4166666666666667 0.4175824175824176 0.32786885245901637 0.0891089108910891 0.25301204819277107 0.07339449541284404 0.13580246913580246 0.4326923076923077 0.05309734513274336 0.08426966292134831 0.06976744186046512 0.26666666666666666 0.10465116279069768 0.11494252873563218 0.4482758620689655 1.0 0.6129032258064516 1.0 0.5 0.05 0.15702479338842976 0.07971014492753623 0.4691358024691358 0.07926829268292683 0.14035087719298245 0.5925925925925926 0.4931506849315068 0.3185840707964602 0.06741573033707865 0.375 0.07602339181286549 0.6938775510204082 0.12 0.391304347826087
0.4576271186440678 0.5818181818181818 0.22727272727272727 0.6909090909090909 0.65 0.37681159420289856 0.2159090909090909 0.3380281690140845 0.559322033898305 0.375 0.6129032258064516 0.38235294117647056 0.35294117647058826 0.1776061776061776 0.5164835164835165 0.20224719101123595 0.4 0.18018018018018017 0.19130434782608696 0.5352112676056338 0.37681159420289856 0.5795454545454546 0.5689655172413793 0.12149532710280374 0.2 0.19811320754716982 0.18604651162790697 0.3706896551724138 0.08403361344537816 0.12154696132596685 0.096045197740113 0.4140625 0.2804878048780488 0.16304347826086957 0.38235294117647056 0.6129032258064516 1.0 0.6129032258064516 0.6986301369863014 0.07878787878787878 0.21951219512195122 0.10416666666666667 0.6538461538461539 0.12650602409638553 0.17647058823529413 0.5 0.5454545454545454 0.5 0.0989010989010989 0.5268817204301075 0.13450292397660818 0.4090909090909091 0.18110236220472442 0.34545454545454546
0.5510204081632653 0.7111111111111111 0.18072289156626506 0.8444444444444444 0.7450980392156863 0.4166666666666667 0.1686746987951807 0.39344262295081966 0.673469387755102 0.425531914893617 1.0 0.4482758620689655 0.41379310344827586 0.11742424242424243 0.391304347826087 0.0898876404494382 0.4727272727272727 0.14150943396226415 0.12389380530973451 0.6229508196721312 0.4166666666666667 0.4175824175824176 0.32786885245901637 0.0891089108910891 0.25301204819277107 0.07339449541284404 0.13580246913580246 0.4326923076923077 0.05309734513274336 0.08426966292134831 0.06976744186046512 0.26666666666666666 0.10465116279069768 0.11494252873563218 0.4482758620689655 1.0 0.6129032258064516 1.0 0.5 0.05 0.15702479338842976 0.07971014492753623 0.4691358024691358 0.07926829268292683 0.14035087719298245 0.5925925925925926 0.4931506849315068 0.3185840707964602 0.06741573033707865 0.375 0.07602339181286549 0.6938775510204082 0.12 0.391304347826087
0.3698630136986301 0.463768115942029 0.38636363636363635 0.5507246376811594 0.5066666666666667 0.3132530120481928 0.375 0.2823529411764706 0.4520547945205479 0.3 0.5 0.3170731707317073 0.2926829268292683 0.21292775665399238 0.4205607476635514 0.21 0.3291139240506329 0.3063063063063063 0.24793388429752067 0.4642857142857143 0.3132530120481928 0.5148514851485149 0.4788732394366197 0.24074074074074073 0.3473684210526316 0.25892857142857145 0.3488372093023256 0.47863247863247865 0.1349206349206349 0.20555555555555555 0.14917127071823205 0.3732394366197183 0.3076923076923077 0.31521739130434784 0.3170731707317073 0.5 0.6986301369863014 0.5 1.0 0.10982658959537572 0.29133858267716534 0.15333333333333332 0.5714285714285714 0.19642857142857142 0.29411764705882354 0.41025641025641024 0.46153846153846156 0.4180327868852459 0.12631578947368421 0.43119266055045874 0.18181818181818182 0.3375 0.29133858267716534 0.2753623188405797
0.03355704697986577 0.040268456375838924 0.11392405063291139 0.05228758169934641 0.06369426751592357 0.04487179487179487 0.10062893081761007 0.03821656050955414 0.05263157894736842 0.050724637681159424 0.05 0.038461538461538464 0.03896103896103896 0.16927899686520376 0.08421052631578947 0.11464968152866242 0.0392156862745098 0.1569767441860465 0.12021857923497267 0.08588957055214724 0.04487179487179487 0.11891891891891893 0.07432432432432433 0.16770186335403728 0.0963855421686747 0.13372093023255813 0.1038961038961039 0.17616580310880828 0.3971631205673759 0.2318181818181818 0.2073732718894009 0.10666666666666667 0.1610738255033557 0.10062893081761007 0.038461538461538464 0.05 0.07878787878787878 0.05 0.10982658959537572 1.0 0.14736842105263157 0.3352941176470588 0.08241758241758242 0.24390243902439024 0.2023121387283237 0.0379746835443038 0.06857142857142857 0.11822660098522167 0.2523364485981308 0.10526315789473684 0.1592920353982301 0.03205128205128205 0.12953367875647667 0.05185185185185185
