1.0 0.7567567567567568 0.6 0.8378378378378378 0.6808510638297872 0.5675675675675675 0.65 0.8048780487804879 0.8888888888888888 0.7073170731707317 0.7894736842105263 0.9142857142857143 0.9428571428571428 0.30952380952380953 0.6153846153846154 0.30612244897959184 0.9411764705882353 0.3770491803278688 0.32608695652173914 0.7441860465116279 0.5675675675675675 0.6086956521739131 0.6363636363636364 0.1935483870967742 0.6341463414634146 0.2916666666666667 0.4358974358974359 0.66 0.11940298507462686 0.25 0.3114754098360656 0.6153846153846154 0.22448979591836735 0.3684210526315789 0.775 0.7692307692307693 0.6904761904761905 0.7692307692307693 0.6829268292682927 0.20512820512820512 0.38461538461538464 0.14814814814814814 0.5714285714285714 0.3157894736842105 0.47368421052631576 0.7567567567567568 0.6904761904761905 0.5925925925925926 0.19101123595505617 0.6153846153846154 0.2835820895522388 0.7894736842105263 0.45 0.38461538461538464
0.7567567567567568 1.0 0.6486486486486487 0.8055555555555556 0.6521739130434783 0.5714285714285714 0.575 0.6511627906976745 0.8571428571428571 0.6341463414634146 0.7567567567567568 0.7297297297297297 0.7105263157894737 0.3375 0.62 0.2978723404255319 0.75 0.44642857142857145 0.3488372093023256 0.7142857142857143 0.5714285714285714 0.7317073170731707 0.6046511627906976 0.22413793103448276 0.5609756097560976 0.3409090909090909 0.39473684210526316 0.6 0.16129032258064516 0.24358974358974358 0.3050847457627119 0.62 0.2391304347826087 0.3611111111111111 0.7 0.6923076923076923 0.8378378378378378 0.6923076923076923 0.7837837837837838 0.18181818181818182 0.359375 0.18421052631578946 0.6818181818181818 0.3090909090909091 0.39655172413793105 1.0 0.8378378378378378 0.5961538461538461 0.21176470588235294 0.62 0.27692307692307694 0.625 0.4 0.3076923076923077
0.6 0.6486486486486487 1.0 0.7297297297297297 0.5625 0.4594594594594595 0.8787878787878788 0.5909090909090909 0.6842105263157895 0.6923076923076923 0.7297297297297297 0.6153846153846154 0.6 0.325 0.5094339622641509 0.3333333333333333 0.631578947368421 0.5384615384615384 0.32558139534883723 0.6136363636363636 0.4594594594594595 0.5217391304347826 0.6585365853658537 0.22807017543859648 0.8529411764705882 0.3488372093023256 0.40540540540540543 0.5490196078431373 0.16393442622950818 0.2972972972972973 0.35714285714285715 0.5384615384615384 0.3023255813953488 0.37142857142857144 0.6341463414634146 0.6666666666666666 0.5952380952380952 0.6666666666666666 0.6666666666666666 0.2328767123287671 0.36507936507936506 0.18666666666666668 0.4897959183673469 0.33962264150943394 0.5686274509803921 0.6486486486486487 0.5952380952380952 0.4909090909090909 0.21428571428571427 0.5094339622641509 0.3898305084745763 0.6 0.5660377358490566 0.42857142857142855
0.8378378378378378 0.8055555555555556 0.7297297297297297 1.0 0.7555555555555555 0.5675675675675675 0.7368421052631579 0.7619047619047619 0.9428571428571428 0.75 0.9428571428571428 0.8108108108108109 0.7894736842105263 0.3253012048192771 0.6470588235294118 0.28 0.8333333333333334 0.423728813559322 0.32608695652173914 0.8292682926829268 0.5675675675675675 0.6444444444444445 0.7142857142857143 0.21311475409836064 0.717948717948718 0.2916666666666667 0.4358974358974359 0.6938775510204082 0.13636363636363635 0.28205128205128205 0.3114754098360656 0.6470588235294118 0.25 0.40540540540540543 0.775 0.8648648648648649 0.7317073170731707 0.8648648648648649 0.725 0.22077922077922077 0.42857142857142855 0.1625 0.6041666666666666 0.29310344827586204 0.5 0.8055555555555556 0.7317073170731707 0.6226415094339622 0.19101123595505617 0.6470588235294118 0.30303030303030304 0.7894736842105263 0.5 0.4594594594594595
0.6808510638297872 0.6521739130434783 0.5625 0.7555555555555555 1.0 0.4375 0.6041666666666666 0.7708333333333334 0.717391304347826 0.723404255319149 0.717391304347826 0.625 0.6458333333333334 0.4069767441860465 0.8269230769230769 0.3392857142857143 0.6382978723404256 0.417910447761194 0.3584905660377358 0.72 0.4375 0.6037735849056604 0.66 0.2878787878787879 0.5918367346938775 0.32727272727272727 0.3958333333333333 0.5666666666666667 0.14666666666666667 0.37037037037037035 0.3 0.6964285714285714 0.26785714285714285 0.3404255319148936 0.7446808510638298 0.7021276595744681 0.7083333333333334 0.7021276595744681 0.6666666666666666 0.3125 0.578125 0.19540229885057472 0.5714285714285714 0.30303030303030304 0.5079365079365079 0.6521739130434783 0.673469387755102 0.7321428571428571 0.25806451612903225 0.7272727272727273 0.36619718309859156 0.6458333333333334 0.48484848484848486 0.3829787234042553
0.5675675675675675 0.5714285714285714 0.4594594594594595 0.5675675675675675 0.4375 1.0 0.4 0.5238095238095238 0.6111111111111112 0.5 0.5263157894736842 0.5833333333333334 0.5675675675675675 0.26582278481012656 0.45098039215686275 0.35 0.6 0.27586206896551724 0.3783783783783784 0.5116279069767442 1.0 0.4883720930232558 0.47619047619047616 0.16363636363636364 0.3902439024390244 0.3333333333333333 0.35294117647058826 0.46 0.18181818181818182 0.2 0.2962962962962963 0.45098039215686275 0.3157894736842105 0.3548387096774194 0.5641025641025641 0.475 0.5641025641025641 0.475 0.5128205128205128 0.16666666666666666 0.3114754098360656 0.1527777777777778 0.45652173913043476 0.3541666666666667 0.27586206896551724 0.5714285714285714 0.5641025641025641 0.4339622641509434 0.2 0.45098039215686275 0.16923076923076924 0.4146341463414634 0.3050847457627119 0.41935483870967744
0.65 0.575 0.8787878787878788 0.7368421052631579 0.6041666666666666 0.4 1.0 0.6744186046511628 0.6923076923076923 0.7435897435897436 0.7368421052631579 0.6666666666666666 0.65 0.3170731707317073 0.5185185185185185 0.2916666666666667 0.6842105263157895 0.4909090909090909 0.2826086956521739 0.6590909090909091 0.4 0.46938775510204084 0.6666666666666666 0.2413793103448276 0.9696969696969697 0.30434782608695654 0.42105263157894735 0.5576923076923077 0.140625 0.30666666666666664 0.3220338983050847 0.5185185185185185 0.2608695652173913 0.3888888888888889 0.6829268292682927 0.675 0.5333333333333333 0.675 0.5952380952380952 0.2602739726027397 0.3968253968253968 0.16666666666666666 0.4423076923076923 0.30357142857142855 0.64 0.575 0.5333333333333333 0.47368421052631576 0.20930232558139536 0.4909090909090909 0.3770491803278688 0.65 0.5740740740740741 0.4444444444444444
0.8048780487804879 0.6511627906976745 0.5909090909090909 0.7619047619047619 0.7708333333333334 0.5238095238095238 0.6744186046511628 1.0 0.7619047619047619 0.7674418604651163 0.7209302325581395 0.825 0.85 0.36470588235294116 0.6666666666666666 0.32075471698113206 0.8 0.38461538461538464 0.34 0.7608695652173914 0.5238095238095238 0.5686274509803921 0.6595744680851063 0.2698412698412698 0.6590909090909091 0.3076923076923077 0.4418604651162791 0.6181818181818182 0.14084507042253522 0.30864197530864196 0.30303030303030304 0.6071428571428571 0.2222222222222222 0.38095238095238093 0.925 0.7045454545454546 0.6382978723404256 0.7045454545454546 0.6304347826086957 0.25 0.47692307692307695 0.17857142857142858 0.5370370370370371 0.3064516129032258 0.5254237288135594 0.6511627906976745 0.6382978723404256 0.6140350877192983 0.23076923076923078 0.6071428571428571 0.3142857142857143 0.7209302325581395 0.47619047619047616 0.3953488372093023
0.8888888888888888 0.8571428571428571 0.6842105263157895 0.9428571428571428 0.717391304347826 0.6111111111111112 0.6923076923076923 0.7619047619047619 1.0 0.75 0.8888888888888888 0.8611111111111112 0.8378378378378378 0.34146341463414637 0.6470588235294118 0.30612244897959184 0.8857142857142857 0.423728813559322 0.35555555555555557 0.8292682926829268 0.6111111111111112 0.6818181818181818 0.7142857142857143 0.21311475409836064 0.675 0.3191489361702128 0.4358974358974359 0.6938775510204082 0.13636363636363635 0.26582278481012656 0.3333333333333333 0.6470588235294118 0.25 0.40540540540540543 0.775 0.8157894736842105 0.775 0.8157894736842105 0.725 0.22077922077922077 0.40625 0.1625 0.6382978723404256 0.3157894736842105 0.47368421052631576 0.8571428571428571 0.775 0.6226415094339622 0.20454545454545456 0.6470588235294118 0.30303030303030304 0.7435897435897436 0.4745762711864407 0.42105263157894735
0.7073170731707317 0.6341463414634146 0.6923076923076923 0.75 0.723404255319149 0.5 0.7435897435897436 0.7674418604651163 0.75 1.0 0.7073170731707317 0.6829268292682927 0.7073170731707317 0.3493975903614458 0.6862745098039216 0.375 0.7 0.4576271186440678 0.3404255319148936 0.75 0.5 0.6170212765957447 0.8048780487804879 0.26666666666666666 0.725 0.391304347826087 0.38095238095238093 0.5740740740740741 0.14925373134328357 0.34210526315789475 0.36666666666666664 0.6538461538461539 0.2916666666666667 0.3170731707317073 0.7380952380952381 0.6904761904761905 0.6976744186046512 0.6904761904761905 0.6511627906976745 0.28 0.4603174603174603 0.1875 0.58 0.3508771929824561 0.5636363636363636 0.6341463414634146 0.6976744186046512 0.6296296296296297 0.2558139534883721 0.6538461538461539 0.375 0.627906976744186 0.5614035087719298 0.5135135135135135
0.7894736842105263 0.7567567567567568 0.7297297297297297 0.9428571428571428 0.717391304347826 0.5263157894736842 0.7368421052631579 0.7209302325581395 0.8888888888888888 0.7073170731707317 1.0 0.7631578947368421 0.7435897435897436 0.30952380952380953 0.6153846153846154 0.2549019607843137 0.7837837837837838 0.423728813559322 0.2978723404255319 0.7857142857142857 0.5263157894736842 0.6086956521739131 0.6744186046511628 0.21311475409836064 0.7631578947368421 0.2653061224489796 0.4 0.6938775510204082 0.11940298507462686 0.28205128205128205 0.2903225806451613 0.6153846153846154 0.25 0.3684210526315789 0.7317073170731707 0.9166666666666666 0.6904761904761905 0.9166666666666666 0.725 0.22077922077922077 0.40625 0.14814814814814814 0.5714285714285714 0.29310344827586204 0.5 0.7567567567567568 0.7317073170731707 0.5925925925925926 0.17777777777777778 0.6153846153846154 0.30303030303030304 0.8378378378378378 0.5 0.4594594594594595
0.9142857142857143 0.7297297297297297 0.6153846153846154 0.8108108108108109 0.625 0.5833333333333334 0.6666666666666666 0.825 0.8611111111111112 0.6829268292682927 0.7631578947368421 1.0 0.9705882352941176 0.3132530120481928 0.5660377358490566 0.2857142857142857 0.9696969696969697 0.38333333333333336 0.30434782608695654 0.7209302325581395 0.5833333333333334 0.5869565217391305 0.6511627906976745 0.1774193548387097 0.65 0.2978723404255319 0.41025641025641024 0.64 0.12121212121212122 0.2375 0.29508196721311475 0.5660377358490566 0.20408163265306123 0.3783783783783784 0.7948717948717948 0.7 0.6666666666666666 0.7 0.6190476190476191 0.19230769230769232 0.36923076923076925 0.15 0.5510204081632653 0.2982456140350877 0.45614035087719296 0.7297297297297297 0.6666666666666666 0.5454545454545454 0.1797752808988764 0.5660377358490566 0.26865671641791045 0.7631578947368421 0.43333333333333335 0.358974358974359
0.9428571428571428 0.7105263157894737 0.6 0.7894736842105263 0.6458333333333334 0.5675675675675675 0.65 0.85 0.8378378378378378 0.7073170731707317 0.7435897435897436 0.9705882352941176 1.0 0.30952380952380953 0.5849056603773585 0.30612244897959184 0.9411764705882353 0.3770491803278688 0.32608695652173914 0.7045454545454546 0.5675675675675675 0.574468085106383 0.6363636363636364 0.1935483870967742 0.6341463414634146 0.2916666666666667 0.4358974358974359 0.6274509803921569 0.11940298507462686 0.25 0.3114754098360656 0.5849056603773585 0.22448979591836735 0.3684210526315789 0.775 0.725 0.6511627906976745 0.725 0.6428571428571429 0.20512820512820512 0.38461538461538464 0.14814814814814814 0.54 0.3157894736842105 0.47368421052631576 0.7105263157894737 0.6511627906976745 0.5636363636363636 0.19101123595505617 0.5849056603773585 0.2835820895522388 0.7894736842105263 0.45 0.38461538461538464
0.30952380952380953 0.3375 0.325 0.3253012048192771 0.4069767441860465 0.26582278481012656 0.3170731707317073 0.36470588235294116 0.34146341463414637 0.3493975903614458 0.30952380952380953 0.3132530120481928 0.30952380952380953 1.0 0.46511627906976744 0.23255813953488372 0.3170731707317073 0.3263157894736842 0.3037974683544304 0.3448275862068966 0.26582278481012656 0.39759036144578314 0.37349397590361444 0.36470588235294116 0.3132530120481928 0.2682926829268293 0.24050632911392406 0.45348837209302323 0.3146067415730337 0.5955056179775281 0.4878048780487805 0.4482758620689655 0.25925925925925924 0.23684210526315788 0.3780487804878049 0.29069767441860467 0.4125 0.29069767441860467 0.37037037037037035 0.36 0.5 0.45161290322580644 0.43373493975903615 0.3448275862068966 0.3404255319148936 0.3375 0.3950617283950617 0.45454545454545453 0.5416666666666666 0.4 0.5058823529411764 0.26436781609195403 0.4827586206896552 0.1566265060240964
0.6153846153846154 0.62 0.5094339622641509 0.6470588235294118 0.8269230769230769 0.45098039215686275 0.5185185185185185 0.6666666666666666 0.6470588235294118 0.6862745098039216 0.6153846153846154 0.5660377358490566 0.5849056603773585 0.46511627906976744 1.0 0.3793103448275862 0.5769230769230769 0.3888888888888889 0.4 0.6545454545454545 0.45098039215686275 0.6981132075471698 0.6923076923076923 0.2857142857142857 0.509090909090909 0.3448275862068966 0.38461538461538464 0.5230769230769231 0.1375 0.39759036144578314 0.391304347826087 0.7857142857142857 0.288135593220339 0.3076923076923077 0.6730769230769231 0.6346153846153846 0.7058823529411765 0.6346153846153846 0.6346153846153846 0.27906976744186046 0.5362318840579711 0.2247191011235955 0.6909090909090909 0.3787878787878788 0.4492753623188406 0.62 0.6730769230769231 0.8545454545454545 0.2708333333333333 0.7543859649122807 0.3972602739726027 0.5849056603773585 0.4507042253521127 0.37254901960784315
0.30612244897959184 0.2978723404255319 0.3333333333333333 0.28 0.3392857142857143 0.35 0.2916666666666667 0.32075471698113206 0.30612244897959184 0.375 0.2549019607843137 0.2857142857142857 0.30612244897959184 0.23255813953488372 0.3793103448275862 1.0 0.2916666666666667 0.2698412698412698 0.5833333333333334 0.36538461538461536 0.35 0.32075471698113206 0.3877551020408163 0.25 0.2857142857142857 0.7575757575757576 0.40540540540540543 0.27419354838709675 0.22413793103448276 0.23076923076923078 0.22580645161290322 0.48148148148148145 0.3333333333333333 0.3333333333333333 0.3137254901960784 0.3 0.3958333333333333 0.3 0.3829787234042553 0.25 0.4576271186440678 0.2191780821917808 0.32727272727272727 0.36538461538461536 0.3114754098360656 0.2978723404255319 0.3673469387755102 0.43859649122807015 0.14606741573033707 0.45454545454545453 0.28125 0.2549019607843137 0.36065573770491804 0.21951219512195122
0.9411764705882353 0.75 0.631578947368421 0.8333333333333334 0.6382978723404256 0.6 0.6842105263157895 0.8 0.8857142857142857 0.7 0.7837837837837838 0.9696969696969697 0.9411764705882353 0.3170731707317073 0.5769230769230769 0.2916666666666667 1.0 0.3898305084745763 0.3111111111111111 0.7380952380952381 0.6 0.6 0.6666666666666666 0.18032786885245902 0.6666666666666666 0.30434782608695654 0.42105263157894735 0.6530612244897959 0.12307692307692308 0.24050632911392406 0.3 0.5769230769230769 0.20833333333333334 0.3888888888888889 0.8157894736842105 0.717948717948718 0.6829268292682927 0.717948717948718 0.6341463414634146 0.19480519480519481 0.375 0.1518987341772152 0.5625 0.30357142857142855 0.4642857142857143 0.75 0.6829268292682927 0.5555555555555556 0.18181818181818182 0.5769230769230769 0.2727272727272727 0.7368421052631579 0.4406779661016949 0.3684210526315789
0.3770491803278688 0.44642857142857145 0.5384615384615384 0.423728813559322 0.417910447761194 0.27586206896551724 0.4909090909090909 0.38461538461538464 0.423728813559322 0.4576271186440678 0.423728813559322 0.38333333333333336 0.3770491803278688 0.3263157894736842 0.3888888888888889 0.2698412698412698 0.3898305084745763 1.0 0.26229508196721313 0.4 0.27586206896551724 0.45161290322580644 0.41935483870967744 0.21621621621621623 0.48214285714285715 0.3220338983050847 0.2413793103448276 0.375 0.2465753424657534 0.30337078651685395 0.2631578947368421 0.42857142857142855 0.22580645161290322 0.21428571428571427 0.4032258064516129 0.39344262295081966 0.5 0.39344262295081966 0.5178571428571429 0.3924050632911392 0.325 0.26744186046511625 0.4307692307692308 0.28169014084507044 0.5873015873015873 0.44642857142857145 0.5 0.3972602739726027 0.40229885057471265 0.42857142857142855 0.36 0.3548387096774194 0.4507042253521127 0.22807017543859648
0.32608695652173914 0.3488372093023256 0.32558139534883723 0.32608695652173914 0.3584905660377358 0.3783783783783784 0.2826086956521739 0.34 0.35555555555555557 0.3404255319148936 0.2978723404255319 0.30434782608695654 0.32608695652173914 0.3037974683544304 0.4 0.5833333333333334 0.3111111111111111 0.26229508196721313 1.0 0.3333333333333333 0.3783783783783784 0.34 0.3541666666666667 0.24074074074074073 0.2765957446808511 0.4473684210526316 0.53125 0.3103448275862069 0.19298245614035087 0.2916666666666667 0.30357142857142855 0.4 0.358974358974359 0.5 0.3333333333333333 0.34782608695652173 0.4222222222222222 0.34782608695652173 0.4418604651162791 0.1917808219178082 0.38333333333333336 0.1780821917808219 0.37254901960784315 0.3333333333333333 0.26229508196721313 0.3488372093023256 0.4222222222222222 0.38596491228070173 0.17857142857142858 0.42592592592592593 0.29508196721311475 0.2978723404255319 0.3114754098360656 0.20512820512820512
0.7441860465116279 0.7142857142857143 0.6136363636363636 0.8292682926829268 0.72 0.5116279069767442 0.6590909090909091 0.7608695652173914 0.8292682926829268 0.75 0.7857142857142857 0.7209302325581395 0.7045454545454546 0.3448275862068966 0.6545454545454545 0.36538461538461536 0.7380952380952381 0.4 0.3333333333333333 1.0 0.5116279069767442 0.62 0.6808510638297872 0.22727272727272727 0.6444444444444445 0.38 0.4 0.6363636363636364 0.18840579710144928 0.2891566265060241 0.29850746268656714 0.7169811320754716 0.21818181818181817 0.37209302325581395 0.7727272727272727 0.7272727272727273 0.6956521739130435 0.7272727272727273 0.6521739130434783 0.2948717948717949 0.4696969696969697 0.20481927710843373 0.5849056603773585 0.28125 0.5689655172413793 0.7142857142857143 0.6956521739130435 0.7222222222222222 0.21505376344086022 0.6545454545454545 0.32857142857142857 0.6666666666666666 0.49206349206349204 0.38636363636363635
0.5675675675675675 0.5714285714285714 0.4594594594594595 0.5675675675675675 0.4375 1.0 0.4 0.5238095238095238 0.6111111111111112 0.5 0.5263157894736842 0.5833333333333334 0.5675675675675675 0.26582278481012656 0.45098039215686275 0.35 0.6 0.27586206896551724 0.3783783783783784 0.5116279069767442 1.0 0.4883720930232558 0.47619047619047616 0.16363636363636364 0.3902439024390244 0.3333333333333333 0.35294117647058826 0.46 0.18181818181818182 0.2 0.2962962962962963 0.45098039215686275 0.3157894736842105 0.3548387096774194 0.5641025641025641 0.475 0.5641025641025641 0.475 0.5128205128205128 0.16666666666666666 0.3114754098360656 0.1527777777777778 0.45652173913043476 0.3541666666666667 0.27586206896551724 0.5714285714285714 0.5641025641025641 0.4339622641509434 0.2 0.45098039215686275 0.16923076923076924 0.4146341463414634 0.3050847457627119 0.41935483870967744
0.6086956521739131 0.7317073170731707 0.5217391304347826 0.6444444444444445 0.6037735849056604 0.4883720930232558 0.46938775510204084 0.5686274509803921 0.6818181818181818 0.6170212765957447 0.6086956521739131 0.5869565217391305 0.574468085106383 0.39759036144578314 0.6981132075471698 0.32075471698113206 0.6 0.45161290322580644 0.34 0.62 0.4883720930232558 1.0 0.625 0.21212121212121213 0.46 0.3877551020408163 0.34782608695652173 0.5084745762711864 0.14084507042253522 0.325 0.3230769230769231 0.6981132075471698 0.24528301886792453 0.3181818181818182 0.6041666666666666 0.5625 0.7906976744186046 0.5625 0.7045454545454546 0.2345679012345679 0.391304347826087 0.2073170731707317 0.8043478260869565 0.3728813559322034 0.38461538461538464 0.7317073170731707 0.7906976744186046 0.6727272727272727 0.23076923076923078 0.6071428571428571 0.35294117647058826 0.5102040816326531 0.3880597014925373 0.30434782608695654
0.6363636363636364 0.6046511627906976 0.6585365853658537 0.7142857142857143 0.66 0.47619047619047616 0.6666666666666666 0.6595744680851063 0.7142857142857143 0.8048780487804879 0.6744186046511628 0.6511627906976745 0.6363636363636364 0.37349397590361444 0.6923076923076923 0.3877551020408163 0.6666666666666666 0.41935483870967744 0.3541666666666667 0.6808510638297872 0.47619047619047616 0.625 1.0 0.25806451612903225 0.6511627906976745 0.3469387755102041 0.30434782608695654 0.5535714285714286 0.14492753623188406 0.35064935064935066 0.3770491803278688 0.660377358490566 0.30612244897959184 0.2727272727272727 0.6666666666666666 0.6222222222222222 0.6304347826086957 0.6222222222222222 0.5869565217391305 0.24050632911392406 0.42424242424242425 0.18292682926829268 0.5882352941176471 0.4107142857142857 0.5172413793103449 0.6046511627906976 0.6304347826086957 0.6666666666666666 0.25 0.6296296296296297 0.38461538461538464 0.5652173913043478 0.5423728813559322 0.45
0.1935483870967742 0.22413793103448276 0.22807017543859648 0.21311475409836064 0.2878787878787879 0.16363636363636364 0.2413793103448276 0.2698412698412698 0.21311475409836064 0.26666666666666666 0.21311475409836064 0.1774193548387097 0.1935483870967742 0.36470588235294116 0.2857142857142857 0.25 0.18032786885245902 0.21621621621621623 0.24074074074074073 0.22727272727272727 0.16363636363636364 0.21212121212121213 0.25806451612903225 1.0 0.23728813559322035 0.25925925925925924 0.24 0.2535211267605634 0.32786885245901637 0.41333333333333333 0.30303030303030304 0.2328767123287671 0.24528301886792453 0.20833333333333334 0.24193548387096775 0.25 0.2222222222222222 0.25 0.2711864406779661 0.35135135135135137 0.2972972972972973 0.45588235294117646 0.22058823529411764 0.3064516129032258 0.2328767123287671 0.22413793103448276 0.2222222222222222 0.24324324324324326 0.38271604938271603 0.2328767123287671 0.2777777777777778 0.21311475409836064 0.30985915492957744 0.1320754716981132
0.6341463414634146 0.5609756097560976 0.8529411764705882 0.717948717948718 0.5918367346938775 0.3902439024390244 0.9696969696969697 0.6590909090909091 0.675 0.725 0.7631578947368421 0.65 0.6341463414634146 0.3132530120481928 0.509090909090909 0.2857142857142857 0.6666666666666666 0.48214285714285715 0.2765957446808511 0.6444444444444445 0.3902439024390244 0.46 0.6511627906976745 0.23728813559322035 1.0 0.2978723404255319 0.41025641025641024 0.5769230769230769 0.13846153846153847 0.3026315789473684 0.31666666666666665 0.509090909090909 0.2553191489361702 0.3783783783783784 0.6666666666666666 0.7 0.5217391304347826 0.7 0.5813953488372093 0.25675675675675674 0.390625 0.16455696202531644 0.4339622641509434 0.32142857142857145 0.6274509803921569 0.5609756097560976 0.5555555555555556 0.46551724137931033 0.20689655172413793 0.48214285714285715 0.3709677419354839 0.675 0.5636363636363636 0.43243243243243246
0.2916666666666667 0.3409090909090909 0.3488372093023256 0.2916666666666667 0.32727272727272727 0.3333333333333333 0.30434782608695654 0.3076923076923077 0.3191489361702128 0.391304347826087 0.2653061224489796 0.2978723404255319 0.2916666666666667 0.2682926829268293 0.3448275862068966 0.7575757575757576 0.30434782608695654 0.3220338983050847 0.4473684210526316 0.38 0.3333333333333333 0.3877551020408163 0.3469387755102041 0.25925925925925924 0.2978723404255319 1.0 0.35135135135135137 0.2833333333333333 0.2545454545454545 0.23684210526315788 0.1935483870967742 0.5 0.22727272727272727 0.3939393939393939 0.32653061224489793 0.26 0.4772727272727273 0.26 0.4 0.2753623188405797 0.423728813559322 0.2608695652173913 0.39215686274509803 0.3018867924528302 0.2786885245901639 0.3409090909090909 0.4444444444444444 0.42857142857142855 0.16279069767441862 0.41818181818181815 0.2698412698412698 0.21568627450980393 0.32786885245901637 0.14285714285714285
0.4358974358974359 0.39473684210526316 0.40540540540540543 0.4358974358974359 0.3958333333333333 0.35294117647058826 0.42105263157894735 0.4418604651162791 0.4358974358974359 0.38095238095238093 0.4 0.41025641025641024 0.4358974358974359 0.24050632911392406 0.38461538461538464 0.40540540540540543 0.42105263157894735 0.2413793103448276 0.53125 0.4 0.35294117647058826 0.34782608695652173 0.30434782608695654 0.24 0.41025641025641024 0.35135135135135137 1.0 0.33962264150943394 0.125 0.2222222222222222 0.23636363636363636 0.3584905660377358 0.23076923076923078 0.8181818181818182 0.43902439024390244 0.46153846153846156 0.37209302325581395 0.46153846153846156 0.425 0.17142857142857143 0.39285714285714285 0.125 0.32653061224489793 0.21153846153846154 0.3090909090909091 0.39473684210526316 0.37209302325581395 0.32142857142857145 0.14634146341463414 0.3584905660377358 0.2542372881355932 0.4358974358974359 0.2711864406779661 0.2727272727272727
0.66 0.6 0.5490196078431373 0.6938775510204082 0.5666666666666667 0.46 0.5576923076923077 0.6181818181818182 0.6938775510204082 0.5740740740740741 0.6938775510204082 0.64 0.6274509803921569 0.45348837209302323 0.5230769230769231 0.27419354838709675 0.6530612244897959 0.375 0.3103448275862069 0.6363636363636364 0.46 0.5084745762711864 0.5535714285714286 0.2535211267605634 0.5769230769230769 0.2833333333333333 0.33962264150943394 1.0 0.25 0.4024390243902439 0.4393939393939394 0.546875 0.3157894736842105 0.3137254901960784 0.6226415094339622 0.6470588235294118 0.5636363636363636 0.6470588235294118 0.5555555555555556 0.2823529411764706 0.4788732394366197 0.2857142857142857 0.5081967213114754 0.34328358208955223 0.45588235294117646 0.6 0.5925925925925926 0.5074626865671642 0.32967032967032966 0.5230769230769231 0.3835616438356164 0.5961538461538461 0.5692307692307692 0.3269230769230769
0.11940298507462686 0.16129032258064516 0.16393442622950818 0.13636363636363635 0.14666666666666667 0.18181818181818182 0.140625 0.14084507042253522 0.13636363636363635 0.14925373134328357 0.11940298507462686 0.12121212121212122 0.11940298507462686 0.3146067415730337 0.1375 0.22413793103448276 0.12307692307692308 0.2465753424657534 0.19298245614035087 0.18840579710144928 0.18181818181818182 0.14084507042253522 0.14492753623188406 0.32786885245901637 0.13846153846153847 0.2545454545454545 0.125 0.25 1.0 0.27380952380952384 0.22535211267605634 0.18181818181818182 0.24074074074074073 0.1346153846153846 0.14705882352941177 0.11764705882352941 0.16417910447761194 0.11764705882352941 0.16923076923076924 0.4225352112676056 0.2125 0.6949152542372882 0.13513513513513514 0.18840579710144928 0.22972972972972974 0.16129032258064516 0.16417910447761194 0.17721518987341772 0.34523809523809523 0.16666666666666666 0.17721518987341772 0.08695652173913043 0.2702702702702703 0.07017543859649122
0.25 0.24358974358974358 0.2972972972972973 0.28205128205128205 0.37037037037037035 0.2 0.30666666666666664 0.30864197530864196 0.26582278481012656 0.34210526315789475 0.28205128205128205 0.2375 0.25 0.5955056179775281 0.39759036144578314 0.23076923076923078 0.24050632911392406 0.30337078651685395 0.2916666666666667 0.2891566265060241 0.2 0.325 0.35064935064935066 0.41333333333333333 0.3026315789473684 0.23684210526315788 0.2222222222222222 0.4024390243902439 0.27380952380952384 1.0 0.45454545454545453 0.36470588235294116 0.35294117647058826 0.21739130434782608 0.2875 0.27848101265822783 0.3037974683544304 0.27848101265822783 0.32894736842105265 0.4157303370786517 0.5061728395061729 0.3888888888888889 0.32926829268292684 0.3717948717948718 0.36470588235294116 0.24358974358974358 0.3037974683544304 0.38823529411764707 0.5 0.36470588235294116 0.5733333333333334 0.25 0.5256410256410257 0.2112676056338028
0.3114754098360656 0.3050847457627119 0.35714285714285715 0.3114754098360656 0.3 0.2962962962962963 0.3220338983050847 0.30303030303030304 0.3333333333333333 0.36666666666666664 0.2903225806451613 0.29508196721311475 0.3114754098360656 0.4878048780487805 0.391304347826087 0.22580645161290322 0.3 0.2631578947368421 0.30357142857142855 0.29850746268656714 0.2962962962962963 0.3230769230769231 0.3770491803278688 0.30303030303030304 0.31666666666666665 0.1935483870967742 0.23636363636363636 0.4393939393939394 0.22535211267605634 0.45454545454545453 1.0 0.37142857142857144 0.3333333333333333 0.18518518518518517 0.296875 0.3064516129032258 0.31746031746031744 0.3064516129032258 0.32786885245901637 0.23255813953488372 0.3246753246753247 0.3291139240506329 0.3484848484848485 0.45 0.2972972972972973 0.3050847457627119 0.31746031746031744 0.3611111111111111 0.475 0.3333333333333333 0.5076923076923077 0.2698412698412698 0.45588235294117646 0.2692307692307692
0.6153846153846154 0.62 0.5384615384615384 0.6470588235294118 0.6964285714285714 0.45098039215686275 0.5185185185185185 0.6071428571428571 0.6470588235294118 0.6538461538461539 0.6153846153846154 0.5660377358490566 0.5849056603773585 0.4482758620689655 0.7857142857142857 0.48148148148148145 0.5769230769230769 0.42857142857142855 0.4 0.7169811320754716 0.45098039215686275 0.6981132075471698 0.660377358490566 0.2328767123287671 0.509090909090909 0.5 0.3584905660377358 0.546875 0.18181818181818182 0.36470588235294116 0.37142857142857144 1.0 0.288135593220339 0.3076923076923077 0.6111111111111112 0.6037735849056604 0.74 0.6037735849056604 0.7 0.30952380952380953 0.5588235294117647 0.23863636363636365 0.6909090909090909 0.3582089552238806 0.4925373134328358 0.62 0.7058823529411765 0.8888888888888888 0.25773195876288657 0.7857142857142857 0.4166666666666667 0.5555555555555556 0.5373134328358209 0.34615384615384615
0.22448979591836735 0.2391304347826087 0.3023255813953488 0.25 0.26785714285714285 0.3157894736842105 0.2608695652173913 0.2222222222222222 0.25 0.2916666666666667 0.25 0.20408163265306123 0.22448979591836735 0.25925925925925924 0.288135593220339 0.3333333333333333 0.20833333333333334 0.22580645161290322 0.358974358974359 0.21818181818181817 0.3157894736842105 0.24528301886792453 0.30612244897959184 0.24528301886792453 0.2553191489361702 0.22727272727272727 0.23076923076923078 0.3157894736842105 0.24074074074074073 0.35294117647058826 0.3333333333333333 0.288135593220339 1.0 0.1891891891891892 0.21153846153846154 0.2708333333333333 0.2857142857142857 0.2708333333333333 0.35555555555555557 0.2647058823529412 0.3225806451612903 0.18055555555555555 0.2545454545454545 0.425531914893617 0.22580645161290322 0.2391304347826087 0.2857142857142857 0.2786885245901639 0.24050632911392406 0.3103448275862069 0.25806451612903225 0.22448979591836735 0.3389830508474576 0.3939393939393939
0.3684210526315789 0.3611111111111111 0.37142857142857144 0.40540540540540543 0.3404255319148936 0.3548387096774194 0.3888888888888889 0.38095238095238093 0.40540540540540543 0.3170731707317073 0.3684210526315789 0.3783783783783784 0.3684210526315789 0.23684210526315788 0.3076923076923077 0.3333333333333333 0.3888888888888889 0.21428571428571427 0.5 0.37209302325581395 0.3548387096774194 0.3181818181818182 0.2727272727272727 0.20833333333333334 0.3783783783783784 0.3939393939393939 0.8181818181818182 0.3137254901960784 0.1346153846153846 0.21739130434782608 0.18518518518518517 0.3076923076923077 0.1891891891891892 1.0 0.41025641025641024 0.358974358974359 0.34146341463414637 0.358974358974359 0.358974358974359 0.16417910447761194 0.32142857142857145 0.1323529411764706 0.2978723404255319 0.18 0.25925925925925924 0.3611111111111111 0.34146341463414637 0.2727272727272727 0.125 0.2830188679245283 0.22807017543859648 0.3333333333333333 0.22413793103448276 0.15151515151515152
0.775 0.7 0.6341463414634146 0.775 0.7446808510638298 0.5641025641025641 0.6829268292682927 0.925 0.775 0.7380952380952381 0.7317073170731707 0.7948717948717948 0.775 0.3780487804878049 0.6730769230769231 0.3137254901960784 0.8157894736842105 0.4032258064516129 0.3333333333333333 0.7727272727272727 0.5641025641025641 0.6041666666666666 0.6666666666666666 0.24193548387096775 0.6666666666666666 0.32653061224489793 0.43902439024390244 0.6226415094339622 0.14705882352941177 0.2875 0.296875 0.6111111111111112 0.21153846153846154 0.41025641025641024 1.0 0.6744186046511628 0.6818181818181818 0.6744186046511628 0.6363636363636364 0.22784810126582278 0.453125 0.18518518518518517 0.5686274509803921 0.3 0.5 0.7 0.6818181818181818 0.6181818181818182 0.2247191011235955 0.6111111111111112 0.3088235294117647 0.6511627906976745 0.45161290322580644 0.35714285714285715
0.7692307692307693 0.6923076923076923 0.6666666666666666 0.8648648648648649 0.7021276595744681 0.475 0.675 0.7045454545454546 0.8157894736842105 0.6904761904761905 0.9166666666666666 0.7 0.725 0.29069767441860467 0.6346153846153846 0.3 0.717948717948718 0.39344262295081966 0.34782608695652173 0.7272727272727273 0.475 0.5625 0.6222222222222222 0.25 0.7 0.26 0.46153846153846156 0.6470588235294118 0.11764705882352941 0.27848101265822783 0.3064516129032258 0.6037735849056604 0.2708333333333333 0.358974358974359 0.6744186046511628 1.0 0.6363636363636364 1.0 0.7073170731707317 0.21794871794871795 0.4444444444444444 0.14634146341463414 0.5294117647058824 0.3103448275862069 0.49122807017543857 0.6923076923076923 0.6744186046511628 0.5818181818181818 0.17582417582417584 0.6346153846153846 0.3181818181818182 0.9166666666666666 0.4915254237288136 0.4864864864864865
0.6904761904761905 0.8378378378378378 0.5952380952380952 0.7317073170731707 0.7083333333333334 0.5641025641025641 0.5333333333333333 0.6382978723404256 0.775 0.6976744186046512 0.6904761904761905 0.6666666666666666 0.6511627906976745 0.4125 0.7058823529411765 0.3958333333333333 0.6829268292682927 0.5 0.4222222222222222 0.6956521739130435 0.5641025641025641 0.7906976744186046 0.6304347826086957 0.2222222222222222 0.5217391304347826 0.4772727272727273 0.37209302325581395 0.5636363636363636 0.16417910447761194 0.3037974683544304 0.31746031746031744 0.74 0.2857142857142857 0.34146341463414637 0.6818181818181818 0.6363636363636364 1.0 0.6363636363636364 0.8461538461538461 0.22784810126582278 0.453125 0.2 0.7777777777777778 0.3448275862068966 0.4032258064516129 0.8378378378378378 0.9473684210526315 0.7115384615384616 0.2247191011235955 0.74 0.3283582089552239 0.5777777777777777 0.45161290322580644 0.32558139534883723
0.7692307692307693 0.6923076923076923 0.6666666666666666 0.8648648648648649 0.7021276595744681 0.475 0.675 0.7045454545454546 0.8157894736842105 0.6904761904761905 0.9166666666666666 0.7 0.725 0.29069767441860467 0.6346153846153846 0.3 0.717948717948718 0.39344262295081966 0.34782608695652173 0.7272727272727273 0.475 0.5625 0.6222222222222222 0.25 0.7 0.26 0.46153846153846156 0.6470588235294118 0.11764705882352941 0.27848101265822783 0.3064516129032258 0.6037735849056604 0.2708333333333333 0.358974358974359 0.6744186046511628 1.0 0.6363636363636364 1.0 0.7073170731707317 0.21794871794871795 0.4444444444444444 0.14634146341463414 0.5294117647058824 0.3103448275862069 0.49122807017543857 0.6923076923076923 0.6744186046511628 0.5818181818181818 0.17582417582417584 0.6346153846153846 0.3181818181818182 0.9166666666666666 0.4915254237288136 0.4864864864864865
0.6829268292682927 0.7837837837837838 0.6666666666666666 0.725 0.6666666666666666 0.5128205128205128 0.5952380952380952 0.6304347826086957 0.725 0.6511627906976745 0.725 0.6190476190476191 0.6428571428571429 0.37037037037037035 0.6346153846153846 0.3829787234042553 0.6341463414634146 0.5178571428571429 0.4418604651162791 0.6521739130434783 0.5128205128205128 0.7045454545454546 0.5869565217391305 0.2711864406779661 0.5813953488372093 0.4 0.425 0.5555555555555556 0.16923076923076924 0.32894736842105265 0.32786885245901637 0.7 0.35555555555555557 0.358974358974359 0.6363636363636364 0.7073170731707317 0.8461538461538461 0.7073170731707317 1.0 0.23376623376623376 0.4444444444444444 0.189873417721519 0.6956521739130435 0.35714285714285715 0.46551724137931033 0.7837837837837838 0.8461538461538461 0.6415094339622641 0.2159090909090909 0.6666666666666666 0.359375 0.6428571428571429 0.5172413793103449 0.375
0.20512820512820512 0.18181818181818182 0.2328767123287671 0.22077922077922077 0.3125 0.16666666666666666 0.2602739726027397 0.25 0.22077922077922077 0.28 0.22077922077922077 0.19230769230769232 0.20512820512820512 0.36 0.27906976744186046 0.25 0.19480519480519481 0.3924050632911392 0.1917808219178082 0.2948717948717949 0.16666666666666666 0.2345679012345679 0.24050632911392406 0.35135135135135137 0.25675675675675674 0.2753623188405797 0.17142857142857143 0.2823529411764706 0.4225352112676056 0.4157303370786517 0.23255813953488372 0.30952380952380953 0.2647058823529412 0.16417910447761194 0.22784810126582278 0.21794871794871795 0.22784810126582278 0.21794871794871795 0.23376623376623376 1.0 0.36470588235294116 0.4 0.1839080459770115 0.24691358024691357 0.4666666666666667 0.18181818181818182 0.2125 0.3176470588235294 0.4666666666666667 0.27906976744186046 0.28735632183908044 0.189873417721519 0.3614457831325301 0.15942028985507245
0.38461538461538464 0.359375 0.36507936507936506 0.42857142857142855 0.578125 0.3114754098360656 0.3968253968253968 0.47692307692307695 0.40625 0.4603174603174603 0.40625 0.36923076923076925 0.38461538461538464 0.5 0.5362318840579711 0.4576271186440678 0.375 0.325 0.38333333333333336 0.4696969696969697 0.3114754098360656 0.391304347826087 0.42424242424242425 0.2972972972972973 0.390625 0.423728813559322 0.39285714285714285 0.4788732394366197 0.2125 0.5061728395061729 0.3246753246753247 0.5588235294117647 0.3225806451612903 0.32142857142857145 0.453125 0.4444444444444444 0.453125 0.4444444444444444 0.4444444444444444 0.36470588235294116 1.0 0.26373626373626374 0.39436619718309857 0.3108108108108108 0.4520547945205479 0.359375 0.4307692307692308 0.5428571428571428 0.31958762886597936 0.582089552238806 0.5 0.40625 0.6029411764705882 0.3103448275862069
0.14814814814814814 0.18421052631578946 0.18666666666666668 0.1625 0.19540229885057472 0.1527777777777778 0.16666666666666666 0.17857142857142858 0.1625 0.1875 0.14814814814814814 0.15 0.14814814814814814 0.45161290322580644 0.2247191011235955 0.2191780821917808 0.1518987341772152 0.26744186046511625 0.1780821917808219 0.20481927710843373 0.1527777777777778 0.2073170731707317 0.18292682926829268 0.45588235294117646 0.16455696202531644 0.2608695652173913 0.125 0.2857142857142857 0.6949152542372882 0.3888888888888889 0.3291139240506329 0.23863636363636365 0.18055555555555555 0.1323529411764706 0.18518518518518517 0.14634146341463414 0.2 0.14634146341463414 0.189873417721519 0.4 0.26373626373626374 1.0 0.21428571428571427 0.21951219512195122 0.23863636363636365 0.18421052631578946 0.2 0.26136363636363635 0.40860215053763443 0.1978021978021978 0.3058823529411765 0.12048192771084337 0.28735632183908044 0.05333333333333334
0.5714285714285714 0.6818181818181818 0.4897959183673469 0.6041666666666666 0.5714285714285714 0.45652173913043476 0.4423076923076923 0.5370370370370371 0.6382978723404256 0.58 0.5714285714285714 0.5510204081632653 0.54 0.43373493975903615 0.6909090909090909 0.32727272727272727 0.5625 0.4307692307692308 0.37254901960784315 0.5849056603773585 0.45652173913043476 0.8043478260869565 0.5882352941176471 0.22058823529411764 0.4339622641509434 0.39215686274509803 0.32653061224489793 0.5081967213114754 0.13513513513513514 0.32926829268292684 0.3484848484848485 0.6909090909090909 0.2545454545454545 0.2978723404255319 0.5686274509803921 0.5294117647058824 0.7777777777777778 0.5294117647058824 0.6956521739130435 0.1839080459770115 0.39436619718309857 0.21428571428571427 1.0 0.3548387096774194 0.34782608695652173 0.6818181818181818 0.7777777777777778 0.6964285714285714 0.23655913978494625 0.603448275862069 0.3380281690140845 0.4807692307692308 0.391304347826087 0.2857142857142857
