1.0 0.3023255813953488 0.12280701754385964 0.38636363636363635 0.30612244897959184 0.11538461538461539 0.18867924528301888 0.30612244897959184 0.5384615384615384 0.29411764705882354 0.21568627450980393 0.32653061224489793 0.4222222222222222 0.08 0.21666666666666667 0.0392156862745098 0.38636363636363635 0.0967741935483871 0.04918032786885246 0.18867924528301888 0.09090909090909091 0.2222222222222222 0.20833333333333334 0.0625 0.13793103448275862 0.03571428571428571 0.09523809523809523 0.14285714285714285 0.05172413793103448 0.012987012987012988 0.08108108108108109 0.1527777777777778 0.06 0.06976744186046512 0.3125 0.21153846153846154 0.20754716981132076 0.21153846153846154 0.15 0.078125 0.058823529411764705 0.03225806451612903 0.13333333333333333 0.0625 0.18461538461538463 0.1875 0.16363636363636364 0.16417910447761194 0.036585365853658534 0.21311475409836064 0.07042253521126761 0.2916666666666667 0.1746031746031746 0.0975609756097561
0.3023255813953488 1.0 0.22448979591836735 0.5405405405405406 0.5384615384615384 0.125 0.1346153846153846 0.1111111111111111 0.6470588235294118 0.21568627450980393 0.38095238095238093 0.12962962962962962 0.1320754716981132 0.061224489795918366 0.3269230769230769 0.11363636363636363 0.14 0.20754716981132076 0.09090909090909091 0.40476190476190477 0.12 0.4418604651162791 0.22727272727272727 0.11904761904761904 0.12727272727272726 0.10204081632653061 0.07692307692307693 0.3076923076923077 0.07547169811320754 0.05714285714285714 0.08571428571428572 0.2153846153846154 0.11363636363636363 0.05 0.1568627450980392 0.37209302325581395 0.42857142857142855 0.37209302325581395 0.32653061224489793 0.08333333333333333 0.07936507936507936 0.09090909090909091 0.30612244897959184 0.10344827586206896 0.1774193548387097 0.5588235294117647 0.25 0.23333333333333334 0.05194805194805195 0.32075471698113206 0.09090909090909091 0.23404255319148937 0.16666666666666666 0.10810810810810811
0.12280701754385964 0.22448979591836735 1.0 0.27450980392156865 0.19298245614035087 0.06896551724137931 0.717948717948718 0.07936507936507936 0.20754716981132076 0.1864406779661017 0.2692307692307692 0.078125 0.07936507936507936 0.12 0.14925373134328357 0.11764705882352941 0.1206896551724138 0.6363636363636364 0.11475409836065574 0.21818181818181817 0.06666666666666667 0.22807017543859648 0.24 0.1956521739130435 0.6666666666666666 0.14814814814814814 0.3157894736842105 0.2459016393442623 0.1206896551724138 0.10810810810810811 0.13513513513513514 0.17567567567567569 0.1875 0.28205128205128205 0.09836065573770492 0.2641509433962264 0.23636363636363636 0.2641509433962264 0.35185185185185186 0.15873015873015872 0.13432835820895522 0.15254237288135594 0.22033898305084745 0.14285714285714285 0.5576923076923077 0.24489795918367346 0.19298245614035087 0.1388888888888889 0.09876543209876543 0.14705882352941177 0.19402985074626866 0.13793103448275862 0.4716981132075472 0.08888888888888889
0.38636363636363635 0.5405405405405406 0.27450980392156865 1.0 0.5116279069767442 0.1346153846153846 0.30612244897959184 0.2037037037037037 0.4878048780487805 0.3137254901960784 0.5365853658536586 0.24528301886792453 0.25 0.10101010101010101 0.32142857142857145 0.10204081632653061 0.2653061224489796 0.23214285714285715 0.08333333333333333 0.4222222222222222 0.10909090909090909 0.4888888888888889 0.37209302325581395 0.10638297872340426 0.19642857142857142 0.09259259259259259 0.09302325581395349 0.30357142857142855 0.06896551724137931 0.05333333333333334 0.08 0.2537313432835821 0.10204081632653061 0.06818181818181818 0.23076923076923078 0.5238095238095238 0.5116279069767442 0.5238095238095238 0.4 0.1111111111111111 0.10606060606060606 0.08333333333333333 0.3269230769230769 0.11290322580645161 0.3448275862068966 0.4146341463414634 0.32653061224489793 0.25396825396825395 0.04878048780487805 0.3157894736842105 0.1 0.26 0.3157894736842105 0.09523809523809523
0.30612244897959184 0.5384615384615384 0.19298245614035087 0.5116279069767442 1.0 0.10714285714285714 0.15517241379310345 0.15254237288135594 0.45454545454545453 0.1864406779661017 0.3469387755102041 0.1694915254237288 0.1724137931034483 0.08737864077669903 0.4807692307692308 0.09615384615384616 0.18181818181818182 0.16129032258064516 0.07936507936507936 0.425531914893617 0.10344827586206896 0.34615384615384615 0.21568627450980393 0.1 0.12903225806451613 0.08771929824561403 0.08695652173913043 0.3103448275862069 0.06557377049180328 0.05128205128205128 0.07692307692307693 0.2608695652173913 0.09615384615384616 0.06382978723404255 0.17543859649122806 0.34 0.3333333333333333 0.34 0.25862068965517243 0.10606060606060606 0.10144927536231885 0.07936507936507936 0.2631578947368421 0.1076923076923077 0.19117647058823528 0.32608695652173914 0.19298245614035087 0.28125 0.047058823529411764 0.41818181818181815 0.0958904109589041 0.24528301886792453 0.18181818181818182 0.08888888888888889
0.11538461538461539 0.125 0.06896551724137931 0.1346153846153846 0.10714285714285714 1.0 0.05172413793103448 0.14814814814814814 0.09433962264150944 0.18518518518518517 0.1320754716981132 0.16666666666666666 0.16981132075471697 0.04950495049504951 0.09230769230769231 0.0625 0.1568627450980392 0.1 0.16981132075471697 0.10909090909090909 0.7058823529411765 0.0847457627118644 0.14285714285714285 0.11363636363636363 0.04918032786885246 0.05660377358490566 0.07317073170731707 0.09375 0.07272727272727272 0.10144927536231885 0.11428571428571428 0.08 0.0851063829787234 0.07317073170731707 0.1509433962264151 0.12962962962962962 0.08771929824561403 0.12962962962962962 0.11666666666666667 0.08064516129032258 0.12903225806451613 0.06896551724137931 0.08196721311475409 0.06451612903225806 0.08695652173913043 0.12244897959183673 0.12727272727272726 0.11764705882352941 0.07792207792207792 0.09090909090909091 0.05714285714285714 0.1320754716981132 0.058823529411764705 0.30303030303030304
0.18867924528301888 0.1346153846153846 0.717948717948718 0.30612244897959184 0.15517241379310345 0.05172413793103448 1.0 0.11666666666666667 0.21153846153846154 0.1896551724137931 0.2037037037037037 0.13333333333333333 0.13559322033898305 0.12121212121212122 0.13432835820895522 0.07692307692307693 0.18518518518518517 0.4489795918367347 0.08064516129032258 0.17857142857142858 0.05 0.15 0.22 0.14893617021276595 0.725 0.10909090909090909 0.32432432432432434 0.19047619047619047 0.0847457627118644 0.08 0.12162162162162163 0.16216216216216217 0.14285714285714285 0.2894736842105263 0.11864406779661017 0.2 0.15517241379310345 0.2 0.2631578947368421 0.14285714285714285 0.11940298507462686 0.09836065573770492 0.14516129032258066 0.12698412698412698 0.6 0.15384615384615385 0.15517241379310345 0.125 0.07317073170731707 0.1323529411764706 0.16176470588235295 0.16071428571428573 0.5714285714285714 0.06666666666666667
0.30612244897959184 0.1111111111111111 0.07936507936507936 0.2037037037037037 0.15254237288135594 0.14814814814814814 0.11666666666666667 1.0 0.18518518518518517 0.22807017543859648 0.13793103448275862 0.5681818181818182 0.6190476190476191 0.13131313131313133 0.11594202898550725 0.03636363636363636 0.3829787234042553 0.058823529411764705 0.07936507936507936 0.11666666666666667 0.14285714285714285 0.1111111111111111 0.14814814814814814 0.057692307692307696 0.09375 0.03333333333333333 0.08695652173913043 0.08571428571428572 0.031746031746031744 0.012345679012345678 0.05 0.10126582278481013 0.05555555555555555 0.08695652173913043 0.45652173913043476 0.13559322033898305 0.11475409836065574 0.13559322033898305 0.08955223880597014 0.07352941176470588 0.05555555555555555 0.030303030303030304 0.07462686567164178 0.07462686567164178 0.125 0.10909090909090909 0.0967741935483871 0.10810810810810811 0.022988505747126436 0.11428571428571428 0.06666666666666667 0.17857142857142858 0.09859154929577464 0.08888888888888889
0.5384615384615384 0.6470588235294118 0.20754716981132076 0.4878048780487805 0.45454545454545453 0.09433962264150944 0.21153846153846154 0.18518518518518517 1.0 0.2692307692307692 0.2916666666666667 0.2037037037037037 0.20754716981132076 0.08 0.32727272727272727 0.08163265306122448 0.24489795918367346 0.1724137931034483 0.06666666666666667 0.3404255319148936 0.09090909090909091 0.32 0.2608695652173913 0.10869565217391304 0.15789473684210525 0.07407407407407407 0.09523809523809523 0.2413793103448276 0.07017543859649122 0.04 0.08108108108108109 0.22058823529411764 0.10416666666666667 0.06976744186046512 0.21153846153846154 0.2857142857142857 0.30612244897959184 0.2857142857142857 0.21052631578947367 0.11290322580645161 0.09090909090909091 0.0847457627118644 0.21428571428571427 0.0967741935483871 0.2222222222222222 0.3902439024390244 0.20754716981132076 0.23809523809523808 0.04938271604938271 0.32142857142857145 0.08571428571428572 0.2653061224489796 0.21311475409836064 0.0975609756097561
0.29411764705882354 0.21568627450980393 0.1864406779661017 0.3137254901960784 0.1864406779661017 0.18518518518518517 0.1896551724137931 0.22807017543859648 0.2692307692307692 1.0 0.23636363636363636 0.16393442622950818 0.1864406779661017 0.09615384615384616 0.14492753623188406 0.05357142857142857 0.21818181818181817 0.1935483870967742 0.06060606060606061 0.1694915254237288 0.15789473684210525 0.22033898305084745 0.28 0.09615384615384616 0.18032786885245902 0.04918032786885246 0.08333333333333333 0.14705882352941177 0.06349206349206349 0.09090909090909091 0.13157894736842105 0.12658227848101267 0.07272727272727272 0.061224489795918366 0.23214285714285715 0.23214285714285715 0.22807017543859648 0.23214285714285715 0.171875 0.10294117647058823 0.18181818181818182 0.09375 0.15625 0.07246376811594203 0.18571428571428572 0.21153846153846154 0.1864406779661017 0.13513513513513514 0.08333333333333333 0.14285714285714285 0.05128205128205128 0.1724137931034483 0.17647058823529413 0.3076923076923077
0.21568627450980393 0.38095238095238093 0.2692307692307692 0.5365853658536586 0.3469387755102041 0.1320754716981132 0.2037037037037037 0.13793103448275862 0.2916666666666667 0.23636363636363636 1.0 0.15517241379310345 0.15789473684210525 0.0891089108910891 0.25 0.1 0.16666666666666666 0.22807017543859648 0.08196721311475409 0.4772727272727273 0.10714285714285714 0.3333333333333333 0.4634146341463415 0.10416666666666667 0.36 0.09090909090909091 0.09090909090909091 0.4230769230769231 0.06779661016949153 0.06666666666666667 0.07894736842105263 0.2318840579710145 0.1 0.06666666666666667 0.18181818181818182 0.9117647058823529 0.375 0.9117647058823529 0.4791666666666667 0.12698412698412698 0.1044776119402985 0.08196721311475409 0.32075471698113206 0.1111111111111111 0.25396825396825395 0.40476190476190477 0.4666666666666667 0.23076923076923078 0.04819277108433735 0.2459016393442623 0.09859154929577464 0.4883720930232558 0.22580645161290322 0.09302325581395349
0.32653061224489793 0.12962962962962962 0.078125 0.24528301886792453 0.1694915254237288 0.16666666666666666 0.13333333333333333 0.5681818181818182 0.2037037037037037 0.16393442622950818 0.15517241379310345 1.0 0.8157894736842105 0.1188118811881188 0.13043478260869565 0.03571428571428571 0.6097560975609756 0.057971014492753624 0.078125 0.13333333333333333 0.16071428571428573 0.109375 0.14545454545454545 0.05660377358490566 0.09230769230769231 0.03278688524590164 0.0851063829787234 0.11594202898550725 0.047619047619047616 0.012195121951219513 0.04938271604938271 0.11392405063291139 0.05454545454545454 0.0851063829787234 0.4166666666666667 0.15254237288135594 0.11290322580645161 0.15254237288135594 0.1044776119402985 0.07246376811594203 0.0547945205479452 0.029850746268656716 0.07352941176470588 0.07352941176470588 0.1388888888888889 0.10714285714285714 0.11290322580645161 0.12162162162162163 0.022727272727272728 0.12857142857142856 0.05194805194805195 0.19642857142857142 0.12857142857142856 0.08695652173913043
0.4222222222222222 0.1320754716981132 0.07936507936507936 0.25 0.1724137931034483 0.16981132075471697 0.13559322033898305 0.6190476190476191 0.20754716981132076 0.1864406779661017 0.15789473684210525 0.8157894736842105 1.0 0.12 0.1323529411764706 0.03636363636363636 0.4772727272727273 0.058823529411764705 0.07936507936507936 0.13559322033898305 0.16363636363636364 0.1111111111111111 0.14814814814814814 0.057692307692307696 0.09375 0.03333333333333333 0.08695652173913043 0.10144927536231885 0.04838709677419355 0.012345679012345678 0.05 0.11538461538461539 0.05555555555555555 0.08695652173913043 0.3673469387755102 0.15517241379310345 0.11475409836065574 0.15517241379310345 0.10606060606060606 0.07352941176470588 0.05555555555555555 0.030303030303030304 0.07462686567164178 0.07462686567164178 0.14084507042253522 0.10909090909090909 0.11475409836065574 0.1232876712328767 0.022988505747126436 0.13043478260869565 0.05263157894736842 0.2 0.13043478260869565 0.08888888888888889
0.08 0.061224489795918366 0.12 0.10101010101010101 0.08737864077669903 0.04950495049504951 0.12121212121212122 0.13131313131313133 0.08 0.09615384615384616 0.0891089108910891 0.1188118811881188 0.12 1.0 0.11009174311926606 0.1348314606741573 0.09 0.09433962264150944 0.14285714285714285 0.08823529411764706 0.058823529411764705 0.10679611650485436 0.11578947368421053 0.08791208791208792 0.10679611650485436 0.1276595744680851 0.09302325581395349 0.12149532710280374 0.11224489795918367 0.125 0.06666666666666667 0.10084033613445378 0.08602150537634409 0.09302325581395349 0.09900990099009901 0.08823529411764706 0.10891089108910891 0.08823529411764706 0.125 0.125 0.1650485436893204 0.08737864077669903 0.10476190476190476 0.11538461538461539 0.12612612612612611 0.07142857142857142 0.10891089108910891 0.125 0.11764705882352941 0.11926605504587157 0.1588785046728972 0.057692307692307696 0.1509433962264151 0.0449438202247191
0.21666666666666667 0.3269230769230769 0.14925373134328357 0.32142857142857145 0.4807692307692308 0.09230769230769231 0.13432835820895522 0.11594202898550725 0.32727272727272727 0.14492753623188406 0.25 0.13043478260869565 0.1323529411764706 0.11009174311926606 1.0 0.08196721311475409 0.13846153846153847 0.125 0.06944444444444445 0.3103448275862069 0.08955223880597014 0.25396825396825395 0.2033898305084746 0.0847457627118644 0.11267605633802817 0.07575757575757576 0.07272727272727272 0.2318840579710145 0.05714285714285714 0.04597701149425287 0.06896551724137931 0.28 0.11864406779661017 0.05357142857142857 0.13432835820895522 0.2459016393442623 0.24193548387096775 0.2459016393442623 0.20588235294117646 0.09333333333333334 0.0759493670886076 0.06944444444444445 0.22727272727272727 0.0945945945945946 0.15384615384615385 0.22807017543859648 0.2222222222222222 0.421875 0.053763440860215055 0.4745762711864407 0.07228915662650602 0.20967741935483872 0.14473684210526316 0.09433962264150944
0.0392156862745098 0.11363636363636363 0.11764705882352941 0.10204081632653061 0.09615384615384616 0.0625 0.07692307692307693 0.03636363636363636 0.08163265306122448 0.05357142857142857 0.1 0.03571428571428571 0.03636363636363636 0.1348314606741573 0.08196721311475409 1.0 0.038461538461538464 0.12962962962962962 0.32558139534883723 0.12 0.08163265306122448 0.1346153846153846 0.18604651162790697 0.15789473684210525 0.07272727272727272 0.6451612903225806 0.11428571428571428 0.16071428571428573 0.14893617021276595 0.18333333333333332 0.07352941176470588 0.11764705882352941 0.21052631578947367 0.11428571428571428 0.037037037037037035 0.09803921568627451 0.14 0.09803921568627451 0.16981132075471697 0.21568627450980393 0.2037037037037037 0.14 0.1509433962264151 0.22 0.1111111111111111 0.1111111111111111 0.11764705882352941 0.14516129032258066 0.0684931506849315 0.15517241379310345 0.1694915254237288 0.03773584905660377 0.19642857142857142 0.08571428571428572
0.38636363636363635 0.14 0.1206896551724138 0.2653061224489796 0.18181818181818182 0.1568627450980392 0.18518518518518517 0.3829787234042553 0.24489795918367346 0.21818181818181817 0.16666666666666666 0.6097560975609756 0.4772727272727273 0.09 0.13846153846153847 0.038461538461538464 1.0 0.09523809523809523 0.1016949152542373 0.14285714285714285 0.12962962962962962 0.13559322033898305 0.18 0.061224489795918366 0.13559322033898305 0.03508771929824561 0.09302325581395349 0.12307692307692308 0.05084745762711865 0.01282051282051282 0.06578947368421052 0.12 0.058823529411764705 0.09302325581395349 0.45454545454545453 0.16363636363636364 0.14035087719298245 0.16363636363636364 0.1111111111111111 0.07692307692307693 0.057971014492753624 0.031746031746031744 0.09523809523809523 0.06153846153846154 0.18181818181818182 0.13725490196078433 0.1206896551724138 0.12857142857142856 0.023809523809523808 0.13636363636363635 0.0547945205479452 0.18867924528301888 0.171875 0.09523809523809523
0.0967741935483871 0.20754716981132076 0.6363636363636364 0.23214285714285715 0.16129032258064516 0.1 0.4489795918367347 0.058823529411764705 0.1724137931034483 0.1935483870967742 0.22807017543859648 0.057971014492753624 0.058823529411764705 0.09433962264150944 0.125 0.12962962962962962 0.09523809523809523 1.0 0.14285714285714285 0.18333333333333332 0.0967741935483871 0.21311475409836064 0.2 0.18 0.4230769230769231 0.15789473684210525 0.14893617021276595 0.23076923076923078 0.11290322580645161 0.14666666666666667 0.15789473684210525 0.1518987341772152 0.17307692307692307 0.125 0.07575757575757576 0.22413793103448276 0.22033898305084745 0.22413793103448276 0.3275862068965517 0.1323529411764706 0.15942028985507245 0.14285714285714285 0.20634920634920634 0.15151515151515152 0.3709677419354839 0.22641509433962265 0.18032786885245902 0.11688311688311688 0.10714285714285714 0.1232876712328767 0.12 0.1111111111111111 0.4642857142857143 0.1276595744680851
0.04918032786885246 0.09090909090909091 0.11475409836065574 0.08333333333333333 0.07936507936507936 0.16981132075471697 0.08064516129032258 0.07936507936507936 0.06666666666666667 0.06060606060606061 0.08196721311475409 0.078125 0.07936507936507936 0.14285714285714285 0.06944444444444445 0.32558139534883723 0.1016949152542373 0.14285714285714285 1.0 0.08064516129032258 0.16363636363636364 0.1111111111111111 0.14814814814814814 0.14583333333333334 0.07692307692307693 0.24 0.1111111111111111 0.15151515151515152 0.1206896551724138 0.15492957746478872 0.09090909090909091 0.10126582278481013 0.1875 0.13636363636363635 0.08064516129032258 0.08064516129032258 0.11475409836065574 0.08064516129032258 0.15873015873015872 0.10606060606060606 0.15151515151515152 0.11475409836065574 0.125 0.22033898305084745 0.0945945945945946 0.08928571428571429 0.0967741935483871 0.10810810810810811 0.08536585365853659 0.11428571428571428 0.1267605633802817 0.03125 0.16417910447761194 0.06521739130434782
0.18867924528301888 0.40476190476190477 0.21818181818181817 0.4222222222222222 0.425531914893617 0.10909090909090909 0.17857142857142858 0.11666666666666667 0.3404255319148936 0.1694915254237288 0.4772727272727273 0.13333333333333333 0.13559322033898305 0.08823529411764706 0.3103448275862069 0.12 0.14285714285714285 0.18333333333333332 0.08064516129032258 1.0 0.10526315789473684 0.2777777777777778 0.35555555555555557 0.10204081632653061 0.21052631578947367 0.10909090909090909 0.08888888888888889 0.3888888888888889 0.10344827586206896 0.06578947368421052 0.07792207792207792 0.4098360655737705 0.09803921568627451 0.06521739130434782 0.13793103448275862 0.43478260869565216 0.28846153846153844 0.43478260869565216 0.2857142857142857 0.16129032258064516 0.13636363636363635 0.11666666666666667 0.2909090909090909 0.109375 0.25 0.36363636363636365 0.21818181818181817 0.44642857142857145 0.047619047619047616 0.3508771929824561 0.11267605633802817 0.27450980392156865 0.24193548387096775 0.09090909090909091
0.09090909090909091 0.12 0.06666666666666667 0.10909090909090909 0.10344827586206896 0.7058823529411765 0.05 0.14285714285714285 0.09090909090909091 0.15789473684210525 0.10714285714285714 0.16071428571428573 0.16363636363636364 0.058823529411764705 0.08955223880597014 0.08163265306122448 0.12962962962962962 0.0967741935483871 0.16363636363636364 0.10526315789473684 1.0 0.08196721311475409 0.11538461538461539 0.10869565217391304 0.047619047619047616 0.07407407407407407 0.06976744186046512 0.09090909090909091 0.07017543859649122 0.13043478260869565 0.1111111111111111 0.07792207792207792 0.08163265306122448 0.06976744186046512 0.125 0.10526315789473684 0.0847457627118644 0.10526315789473684 0.09523809523809523 0.09523809523809523 0.125 0.06666666666666667 0.07936507936507936 0.07936507936507936 0.06944444444444445 0.09615384615384616 0.10344827586206896 0.11428571428571428 0.0759493670886076 0.08823529411764706 0.05555555555555555 0.12727272727272726 0.07246376811594203 0.2857142857142857
0.2222222222222222 0.4418604651162791 0.22807017543859648 0.4888888888888889 0.34615384615384615 0.0847457627118644 0.15 0.1111111111111111 0.32 0.22033898305084745 0.3333333333333333 0.109375 0.1111111111111111 0.10679611650485436 0.25396825396825395 0.1346153846153846 0.13559322033898305 0.21311475409836064 0.1111111111111111 0.2777777777777778 0.08196721311475409 1.0 0.28 0.09615384615384616 0.14285714285714285 0.12280701754385964 0.061224489795918366 0.21875 0.06349206349206349 0.06329113924050633 0.075 0.2191780821917808 0.11320754716981132 0.04 0.15 0.3269230769230769 0.6666666666666666 0.3269230769230769 0.3392857142857143 0.07142857142857142 0.0684931506849315 0.07692307692307693 0.5416666666666666 0.1044776119402985 0.18571428571428572 0.3404255319148936 0.2962962962962963 0.23529411764705882 0.04597701149425287 0.3114754098360656 0.07894736842105263 0.15254237288135594 0.21212121212121213 0.0851063829787234
0.20833333333333334 0.22727272727272727 0.24 0.37209302325581395 0.21568627450980393 0.14285714285714285 0.22 0.14814814814814814 0.2608695652173913 0.28 0.4634146341463415 0.14545454545454545 0.14814814814814814 0.11578947368421053 0.2033898305084746 0.18604651162790697 0.18 0.2 0.14814814814814814 0.35555555555555557 0.11538461538461539 0.28 1.0 0.11363636363636363 0.28 0.12 0.1 0.25 0.07272727272727272 0.08571428571428572 0.0684931506849315 0.208955223880597 0.1590909090909091 0.07317073170731707 0.17307692307692307 0.4186046511627907 0.3191489361702128 0.4186046511627907 0.3137254901960784 0.13559322033898305 0.1111111111111111 0.06896551724137931 0.2692307692307692 0.15789473684210525 0.22950819672131148 0.27906976744186046 0.34782608695652173 0.2459016393442623 0.0375 0.2413793103448276 0.08823529411764706 0.2765957446808511 0.2413793103448276 0.10256410256410256
0.0625 0.11904761904761904 0.1956521739130435 0.10638297872340426 0.1 0.11363636363636363 0.14893617021276595 0.057692307692307696 0.10869565217391304 0.09615384615384616 0.10416666666666667 0.05660377358490566 0.057692307692307696 0.08791208791208792 0.0847457627118644 0.15789473684210525 0.061224489795918366 0.18 0.14583333333333334 0.10204081632653061 0.10869565217391304 0.09615384615384616 0.11363636363636363 1.0 0.14 0.1951219512195122 0.23333333333333334 0.16666666666666666 0.20930232558139536 0.1896551724137931 0.16393442622950818 0.1044776119402985 0.2571428571428571 0.1935483870967742 0.058823529411764705 0.10204081632653061 0.1 0.10204081632653061 0.2 0.22448979591836735 0.18867924528301888 0.25 0.09259259259259259 0.20408163265306123 0.15254237288135594 0.11627906976744186 0.1 0.078125 0.11764705882352941 0.08333333333333333 0.13559322033898305 0.06 0.16071428571428573 0.16129032258064516
0.13793103448275862 0.12727272727272726 0.6666666666666666 0.19642857142857142 0.12903225806451613 0.04918032786885246 0.725 0.09375 0.15789473684210525 0.18032786885245902 0.36 0.09230769230769231 0.09375 0.10679611650485436 0.11267605633802817 0.07272727272727272 0.13559322033898305 0.4230769230769231 0.07692307692307693 0.21052631578947367 0.047619047619047616 0.14285714285714285 0.28 0.14 1.0 0.10344827586206896 0.3 0.2786885245901639 0.08064516129032258 0.09090909090909091 0.11688311688311688 0.14102564102564102 0.1346153846153846 0.2682926829268293 0.11290322580645161 0.3269230769230769 0.14754098360655737 0.3269230769230769 0.25 0.15384615384615385 0.11428571428571428 0.09375 0.13846153846153847 0.12121212121212122 0.45614035087719296 0.14545454545454545 0.1864406779661017 0.10526315789473684 0.07058823529411765 0.1111111111111111 0.15492957746478872 0.2830188679245283 0.42857142857142855 0.0625
0.03571428571428571 0.10204081632653061 0.14814814814814814 0.09259259259259259 0.08771929824561403 0.05660377358490566 0.10909090909090909 0.03333333333333333 0.07407407407407407 0.04918032786885246 0.09090909090909091 0.03278688524590164 0.03333333333333333 0.1276595744680851 0.07575757575757576 0.6451612903225806 0.03508771929824561 0.15789473684210525 0.24 0.10909090909090909 0.07407407407407407 0.12280701754385964 0.12 0.1951219512195122 0.10344827586206896 1.0 0.15789473684210525 0.1864406779661017 0.1568627450980392 0.20634920634920634 0.09859154929577464 0.1095890410958904 0.21428571428571427 0.15789473684210525 0.03389830508474576 0.08928571428571429 0.12727272727272726 0.08928571428571429 0.19642857142857142 0.24074074074074073 0.20689655172413793 0.16981132075471697 0.13793103448275862 0.2 0.13636363636363635 0.1 0.10714285714285714 0.10144927536231885 0.09210526315789473 0.1076923076923077 0.23333333333333334 0.034482758620689655 0.22033898305084745 0.075
0.09523809523809523 0.07692307692307693 0.3157894736842105 0.09302325581395349 0.08695652173913043 0.07317073170731707 0.32432432432432434 0.08695652173913043 0.09523809523809523 0.08333333333333333 0.09090909090909091 0.0851063829787234 0.08695652173913043 0.09302325581395349 0.07272727272727272 0.11428571428571428 0.09302325581395349 0.14893617021276595 0.1111111111111111 0.08888888888888889 0.06976744186046512 0.061224489795918366 0.1 0.23333333333333334 0.3 0.15789473684210525 1.0 0.16 0.11904761904761904 0.0847457627118644 0.11864406779661017 0.09523809523809523 0.21875 0.6842105263157895 0.08888888888888889 0.08888888888888889 0.06382978723404255 0.08888888888888889 0.1702127659574468 0.1702127659574468 0.13725490196078433 0.13636363636363635 0.058823529411764705 0.14893617021276595 0.23529411764705882 0.075 0.08695652173913043 0.06666666666666667 0.07575757575757576 0.07142857142857142 0.21568627450980393 0.09090909090909091 0.15384615384615385 0.10714285714285714
0.14285714285714285 0.3076923076923077 0.2459016393442623 0.30357142857142855 0.3103448275862069 0.09375 0.19047619047619047 0.08571428571428572 0.2413793103448276 0.14705882352941177 0.4230769230769231 0.11594202898550725 0.10144927536231885 0.12149532710280374 0.2318840579710145 0.16071428571428573 0.12307692307692308 0.23076923076923078 0.15151515151515152 0.3888888888888889 0.09090909090909091 0.21875 0.25 0.16666666666666666 0.2786885245901639 0.1864406779661017 0.16 1.0 0.10606060606060606 0.15384615384615385 0.12195121951219512 0.23376623376623376 0.16071428571428573 0.13725490196078433 0.13636363636363635 0.3888888888888889 0.22580645161290322 0.3888888888888889 0.3064516129032258 0.17391304347826086 0.2 0.15151515151515152 0.23076923076923078 0.17647058823529413 0.2191780821917808 0.2777777777777778 0.1875 0.21621621621621623 0.10227272727272728 0.22857142857142856 0.17333333333333334 0.27586206896551724 0.22857142857142856 0.09615384615384616
0.05172413793103448 0.07547169811320754 0.1206896551724138 0.06896551724137931 0.06557377049180328 0.07272727272727272 0.0847457627118644 0.031746031746031744 0.07017543859649122 0.06349206349206349 0.06779661016949153 0.047619047619047616 0.04838709677419355 0.11224489795918367 0.05714285714285714 0.14893617021276595 0.05084745762711865 0.11290322580645161 0.1206896551724138 0.10344827586206896 0.07017543859649122 0.06349206349206349 0.07272727272727272 0.20930232558139536 0.08064516129032258 0.1568627450980392 0.11904761904761904 0.10606060606060606 1.0 0.11267605633802817 0.1095890410958904 0.12 0.17391304347826086 0.11904761904761904 0.03225806451612903 0.06666666666666667 0.06557377049180328 0.06666666666666667 0.1111111111111111 0.37254901960784315 0.15873015873015872 0.5116279069767442 0.06153846153846154 0.13114754098360656 0.13043478260869565 0.07407407407407407 0.06557377049180328 0.0821917808219178 0.14666666666666667 0.08695652173913043 0.11594202898550725 0.03278688524590164 0.15384615384615385 0.09523809523809523
0.012987012987012988 0.05714285714285714 0.10810810810810811 0.05333333333333334 0.05128205128205128 0.10144927536231885 0.08 0.012345679012345678 0.04 0.09090909090909091 0.06666666666666667 0.012195121951219513 0.012345679012345678 0.125 0.04597701149425287 0.18333333333333332 0.01282051282051282 0.14666666666666667 0.15492957746478872 0.06578947368421052 0.13043478260869565 0.06329113924050633 0.08571428571428572 0.1896551724137931 0.09090909090909091 0.20634920634920634 0.0847457627118644 0.15384615384615385 0.11267605633802817 1.0 0.16666666666666666 0.12222222222222222 0.14516129032258066 0.0847457627118644 0.0125 0.06578947368421052 0.06493506493506493 0.06578947368421052 0.16 0.14473684210526316 0.2857142857142857 0.1388888888888889 0.075 0.2112676056338028 0.09195402298850575 0.056338028169014086 0.05128205128205128 0.06666666666666667 0.19767441860465115 0.06976744186046512 0.189873417721519 0.03896103896103896 0.15 0.125
0.08108108108108109 0.08571428571428572 0.13513513513513514 0.08 0.07692307692307693 0.11428571428571428 0.12162162162162163 0.05 0.08108108108108109 0.13157894736842105 0.07894736842105263 0.04938271604938271 0.05 0.06666666666666667 0.06896551724137931 0.07352941176470588 0.06578947368421052 0.15789473684210525 0.09090909090909091 0.07792207792207792 0.1111111111111111 0.075 0.0684931506849315 0.16393442622950818 0.11688311688311688 0.09859154929577464 0.11864406779661017 0.12195121951219512 0.1095890410958904 0.16666666666666666 1.0 0.11956521739130435 0.140625 0.1 0.0641025641025641 0.07792207792207792 0.07692307692307693 0.07792207792207792 0.15584415584415584 0.12658227848101267 0.15 0.12 0.07317073170731707 0.15789473684210525 0.11494252873563218 0.08450704225352113 0.07692307692307693 0.08888888888888889 0.16666666666666666 0.06818181818181818 0.14285714285714285 0.06493506493506493 0.11904761904761904 0.14035087719298245
0.1527777777777778 0.2153846153846154 0.17567567567567569 0.2537313432835821 0.2608695652173913 0.08 0.16216216216216217 0.10126582278481013 0.22058823529411764 0.12658227848101267 0.2318840579710145 0.11392405063291139 0.11538461538461539 0.10084033613445378 0.28 0.11764705882352941 0.12 0.1518987341772152 0.10126582278481013 0.4098360655737705 0.07792207792207792 0.2191780821917808 0.208955223880597 0.1044776119402985 0.14102564102564102 0.1095890410958904 0.09523809523809523 0.23376623376623376 0.12 0.12222222222222222 0.11956521739130435 1.0 0.13432835820895522 0.078125 0.11688311688311688 0.22857142857142856 0.24285714285714285 0.22857142857142856 0.22666666666666666 0.15 0.11764705882352941 0.12987012987012986 0.22972972972972974 0.21333333333333335 0.20481927710843373 0.21212121212121213 0.17567567567567569 0.4225352112676056 0.1134020618556701 0.3472222222222222 0.125 0.18055555555555555 0.2125 0.0625
0.06 0.11363636363636363 0.1875 0.10204081632653061 0.09615384615384616 0.0851063829787234 0.14285714285714285 0.05555555555555555 0.10416666666666667 0.07272727272727272 0.1 0.05454545454545454 0.05555555555555555 0.08602150537634409 0.11864406779661017 0.21052631578947367 0.058823529411764705 0.17307692307692307 0.1875 0.09803921568627451 0.08163265306122448 0.11320754716981132 0.1590909090909091 0.2571428571428571 0.1346153846153846 0.21428571428571427 0.21875 0.16071428571428573 0.17391304347826086 0.14516129032258066 0.140625 0.13432835820895522 1.0 0.18181818181818182 0.05660377358490566 0.09803921568627451 0.11764705882352941 0.09803921568627451 0.19230769230769232 0.16981132075471697 0.16071428571428573 0.1875 0.10909090909090909 0.32608695652173914 0.14754098360655737 0.1111111111111111 0.11764705882352941 0.109375 0.13043478260869565 0.11666666666666667 0.1694915254237288 0.057692307692307696 0.15517241379310345 0.15151515151515152
0.06976744186046512 0.05 0.28205128205128205 0.06818181818181818 0.06382978723404255 0.07317073170731707 0.2894736842105263 0.08695652173913043 0.06976744186046512 0.061224489795918366 0.06666666666666667 0.0851063829787234 0.08695652173913043 0.09302325581395349 0.05357142857142857 0.11428571428571428 0.09302325581395349 0.125 0.13636363636363635 0.06521739130434782 0.06976744186046512 0.04 0.07317073170731707 0.1935483870967742 0.2682926829268293 0.15789473684210525 0.6842105263157895 0.13725490196078433 0.11904761904761904 0.0847457627118644 0.1 0.078125 0.18181818181818182 1.0 0.08888888888888889 0.06521739130434782 0.041666666666666664 0.06521739130434782 0.12244897959183673 0.14583333333333334 0.13725490196078433 0.13636363636363635 0.038461538461538464 0.125 0.21153846153846154 0.04878048780487805 0.041666666666666664 0.04918032786885246 0.07575757575757576 0.05263157894736842 0.19230769230769232 0.06666666666666667 0.1320754716981132 0.06896551724137931
0.3125 0.1568627450980392 0.09836065573770492 0.23076923076923078 0.17543859649122806 0.1509433962264151 0.11864406779661017 0.45652173913043476 0.21153846153846154 0.23214285714285715 0.18181818181818182 0.4166666666666667 0.3673469387755102 0.09900990099009901 0.13432835820895522 0.037037037037037035 0.45454545454545453 0.07575757575757576 0.08064516129032258 0.13793103448275862 0.125 0.15 0.17307692307692307 0.058823529411764705 0.11290322580645161 0.03389830508474576 0.08888888888888889 0.13636363636363635 0.03225806451612903 0.0125 0.0641025641025641 0.11688311688311688 0.05660377358490566 0.08888888888888889 1.0 0.17857142857142858 0.15517241379310345 0.17857142857142858 0.125 0.07462686567164178 0.056338028169014086 0.03076923076923077 0.109375 0.05970149253731343 0.1267605633802817 0.15384615384615385 0.13559322033898305 0.125 0.03529411764705882 0.1323529411764706 0.06756756756756757 0.2037037037037037 0.1 0.09090909090909091
0.21153846153846154 0.37209302325581395 0.2641509433962264 0.5238095238095238 0.34 0.12962962962962962 0.2 0.13559322033898305 0.2857142857142857 0.23214285714285715 0.9117647058823529 0.15254237288135594 0.15517241379310345 0.08823529411764706 0.2459016393442623 0.09803921568627451 0.16363636363636364 0.22413793103448276 0.08064516129032258 0.43478260869565216 0.10526315789473684 0.3269230769230769 0.4186046511627907 0.10204081632653061 0.3269230769230769 0.08928571428571429 0.08888888888888889 0.3888888888888889 0.06666666666666667 0.06578947368421052 0.07792207792207792 0.22857142857142856 0.09803921568627451 0.06521739130434782 0.17857142857142858 1.0 0.3673469387755102 1.0 0.46938775510204084 0.125 0.10294117647058823 0.08064516129032258 0.3148148148148148 0.109375 0.25 0.3953488372093023 0.45652173913043476 0.22727272727272727 0.047619047619047616 0.24193548387096775 0.09722222222222222 0.5476190476190477 0.2222222222222222 0.09090909090909091
0.20754716981132076 0.42857142857142855 0.23636363636363636 0.5116279069767442 0.3333333333333333 0.08771929824561403 0.15517241379310345 0.11475409836065574 0.30612244897959184 0.22807017543859648 0.375 0.11290322580645161 0.11475409836065574 0.10891089108910891 0.24193548387096775 0.14 0.14035087719298245 0.22033898305084745 0.11475409836065574 0.28846153846153844 0.0847457627118644 0.6666666666666666 0.3191489361702128 0.1 0.14754098360655737 0.12727272727272726 0.06382978723404255 0.22580645161290322 0.06557377049180328 0.06493506493506493 0.07692307692307693 0.24285714285714285 0.11764705882352941 0.041666666666666664 0.15517241379310345 0.3673469387755102 1.0 0.3673469387755102 0.37735849056603776 0.07352941176470588 0.07042253521126761 0.07936507936507936 0.46938775510204084 0.1076923076923077 0.19117647058823528 0.35555555555555557 0.3333333333333333 0.22388059701492538 0.05952380952380952 0.3220338983050847 0.08108108108108109 0.15789473684210525 0.21875 0.08888888888888889
0.21153846153846154 0.37209302325581395 0.2641509433962264 0.5238095238095238 0.34 0.12962962962962962 0.2 0.13559322033898305 0.2857142857142857 0.23214285714285715 0.9117647058823529 0.15254237288135594 0.15517241379310345 0.08823529411764706 0.2459016393442623 0.09803921568627451 0.16363636363636364 0.22413793103448276 0.08064516129032258 0.43478260869565216 0.10526315789473684 0.3269230769230769 0.4186046511627907 0.10204081632653061 0.3269230769230769 0.08928571428571429 0.08888888888888889 0.3888888888888889 0.06666666666666667 0.06578947368421052 0.07792207792207792 0.22857142857142856 0.09803921568627451 0.06521739130434782 0.17857142857142858 1.0 0.3673469387755102 1.0 0.46938775510204084 0.125 0.10294117647058823 0.08064516129032258 0.3148148148148148 0.109375 0.25 0.3953488372093023 0.45652173913043476 0.22727272727272727 0.047619047619047616 0.24193548387096775 0.09722222222222222 0.5476190476190477 0.2222222222222222 0.09090909090909091
0.15 0.32653061224489793 0.35185185185185186 0.4 0.25862068965517243 0.11666666666666667 0.2631578947368421 0.08955223880597014 0.21052631578947367 0.171875 0.4791666666666667 0.1044776119402985 0.10606060606060606 0.125 0.20588235294117646 0.16981132075471697 0.1111111111111111 0.3275862068965517 0.15873015873015872 0.2857142857142857 0.09523809523809523 0.3392857142857143 0.3137254901960784 0.2 0.25 0.19642857142857142 0.1702127659574468 0.3064516129032258 0.1111111111111111 0.16 0.15584415584415584 0.22666666666666666 0.19230769230769232 0.12244897959183673 0.125 0.46938775510204084 0.37735849056603776 0.46938775510204084 1.0 0.13043478260869565 0.15714285714285714 0.140625 0.3275862068965517 0.16666666666666666 0.30303030303030304 0.3469387755102041 0.4897959183673469 0.20833333333333334 0.09302325581395349 0.22058823529411764 0.13333333333333333 0.22413793103448276 0.296875 0.08
0.078125 0.08333333333333333 0.15873015873015872 0.1111111111111111 0.10606060606060606 0.08064516129032258 0.14285714285714285 0.07352941176470588 0.11290322580645161 0.10294117647058823 0.12698412698412698 0.07246376811594203 0.07352941176470588 0.125 0.09333333333333334 0.21568627450980393 0.07692307692307693 0.1323529411764706 0.10606060606060606 0.16129032258064516 0.09523809523809523 0.07142857142857142 0.13559322033898305 0.22448979591836735 0.15384615384615385 0.24074074074074073 0.1702127659574468 0.17391304347826086 0.37254901960784315 0.14473684210526316 0.12658227848101267 0.15 0.16981132075471697 0.14583333333333334 0.07462686567164178 0.125 0.07352941176470588 0.125 0.13043478260869565 1.0 0.19117647058823528 0.23728813559322035 0.06944444444444445 0.16666666666666666 0.1780821917808219 0.08196721311475409 0.07352941176470588 0.11538461538461539 0.16049382716049382 0.12162162162162163 0.1643835616438356 0.09230769230769231 0.18571428571428572 0.10204081632653061
0.058823529411764705 0.07936507936507936 0.13432835820895522 0.10606060606060606 0.10144927536231885 0.12903225806451613 0.11940298507462686 0.05555555555555555 0.09090909090909091 0.18181818181818182 0.1044776119402985 0.0547945205479452 0.05555555555555555 0.1650485436893204 0.0759493670886076 0.2037037037037037 0.057971014492753624 0.15942028985507245 0.15151515151515152 0.13636363636363635 0.125 0.0684931506849315 0.1111111111111111 0.18867924528301888 0.11428571428571428 0.20689655172413793 0.13725490196078433 0.2 0.15873015873015872 0.2857142857142857 0.15 0.11764705882352941 0.16071428571428573 0.13725490196078433 0.056338028169014086 0.10294117647058823 0.07042253521126761 0.10294117647058823 0.15714285714285714 0.19117647058823528 1.0 0.16923076923076924 0.06666666666666667 0.19402985074626866 0.15584415584415584 0.078125 0.05555555555555555 0.125 0.1686746987951807 0.11688311688311688 0.29411764705882354 0.05714285714285714 0.2112676056338028 0.2127659574468085
