1.0 0.4358974358974359 0.36363636363636365 0.6081081081081081 0.5294117647058824 0.47692307692307695 0.5774647887323944 0.7966101694915254 0.6438356164383562 0.569620253164557 0.5375 0.8545454545454545 0.9259259259259259 0.20987654320987653 0.4536082474226804 0.13402061855670103 0.8727272727272727 0.3125 0.11235955056179775 0.5555555555555556 0.47692307692307695 0.35964912280701755 0.39 0.10784313725490197 0.5064935064935064 0.14285714285714285 0.16393442622950818 0.42424242424242425 0.10638297872340426 0.12396694214876033 0.14492753623188406 0.40707964601769914 0.15294117647058825 0.13559322033898305 0.7540983606557377 0.5 0.4174757281553398 0.5 0.3904761904761905 0.11864406779661017 0.17886178861788618 0.07258064516129033 0.36283185840707965 0.16483516483516483 0.4421052631578947 0.425 0.4659090909090909 0.38461538461538464 0.07547169811320754 0.36363636363636365 0.12745098039215685 0.6363636363636364 0.39805825242718446 0.2441860465116279
0.4358974358974359 1.0 0.575 0.6891891891891891 0.6585365853658537 0.4166666666666667 0.3409090909090909 0.38271604938271603 0.75 0.4772727272727273 0.6538461538461539 0.4025974025974026 0.3924050632911392 0.1676300578034682 0.53125 0.13725490196078433 0.3974358974358974 0.5348837209302325 0.12903225806451613 0.6097560975609756 0.4166666666666667 0.47706422018348627 0.4077669902912621 0.16666666666666666 0.32608695652173914 0.125 0.11594202898550725 0.5 0.14583333333333334 0.14516129032258066 0.11842105263157894 0.4473684210526316 0.10638297872340426 0.08955223880597014 0.3780487804878049 0.6125 0.5833333333333334 0.6125 0.504950495049505 0.11290322580645161 0.1796875 0.112 0.5094339622641509 0.15463917525773196 0.26548672566371684 0.9672131147540983 0.3917525773195876 0.4482758620689655 0.07142857142857142 0.3902439024390244 0.09009009009009009 0.3902439024390244 0.2711864406779661 0.25555555555555554
0.36363636363636365 0.575 1.0 0.5287356321839081 0.4845360824742268 0.3253012048192771 0.575 0.34831460674157305 0.5227272727272727 0.46808510638297873 0.5054945054945055 0.36470588235294116 0.3563218390804598 0.19318181818181818 0.42201834862385323 0.13761467889908258 0.36046511627906974 0.8666666666666667 0.13 0.47368421052631576 0.3253012048192771 0.352 0.4036697247706422 0.18691588785046728 0.5476190476190477 0.13559322033898305 0.18055555555555555 0.46226415094339623 0.1346153846153846 0.15384615384615385 0.13414634146341464 0.36220472440944884 0.09803921568627451 0.125 0.34444444444444444 0.4731182795698925 0.40350877192982454 0.4731182795698925 0.40350877192982454 0.14960629921259844 0.1865671641791045 0.12213740458015267 0.3770491803278688 0.18811881188118812 0.4380952380952381 0.5609756097560976 0.3 0.35384615384615387 0.09401709401709402 0.32592592592592595 0.12173913043478261 0.32608695652173914 0.43636363636363634 0.2604166666666667
0.6081081081081081 0.6891891891891891 0.5287356321839081 1.0 0.8333333333333334 0.4533333333333333 0.5625 0.5454545454545454 0.75 0.691358024691358 0.8888888888888888 0.5753424657534246 0.56 0.22941176470588234 0.6739130434782609 0.17142857142857143 0.5675675675675675 0.4631578947368421 0.14285714285714285 0.8783783783783784 0.4533333333333333 0.5849056603773585 0.5510204081632653 0.14545454545454545 0.5 0.1565217391304348 0.13513513513513514 0.6739130434782609 0.11428571428571428 0.15503875968992248 0.15 0.5636363636363636 0.14432989690721648 0.1111111111111111 0.5584415584415584 0.8378378378378378 0.6391752577319587 0.8378378378378378 0.6391752577319587 0.14173228346456693 0.2440944881889764 0.09774436090225563 0.5754716981132075 0.16666666666666666 0.42857142857142855 0.6710526315789473 0.5106382978723404 0.5486725663716814 0.08547008547008547 0.5084745762711864 0.12280701754385964 0.5921052631578947 0.42727272727272725 0.34831460674157305
0.5294117647058824 0.6585365853658537 0.4845360824742268 0.8333333333333334 1.0 0.3953488372093023 0.4782608695652174 0.5294117647058824 0.7349397590361446 0.6263736263736264 0.7926829268292683 0.5180722891566265 0.5058823529411764 0.2222222222222222 0.7741935483870968 0.18584070796460178 0.5119047619047619 0.42857142857142855 0.12844036697247707 0.8518518518518519 0.3953488372093023 0.5299145299145299 0.5233644859813084 0.14166666666666666 0.4583333333333333 0.17073170731707318 0.11764705882352941 0.6336633663366337 0.11304347826086956 0.14285714285714285 0.13186813186813187 0.6339285714285714 0.12962962962962962 0.0963855421686747 0.5411764705882353 0.7710843373493976 0.6666666666666666 0.7710843373493976 0.5596330275229358 0.17293233082706766 0.2803030303030303 0.0979020979020979 0.5892857142857143 0.1504424778761062 0.37606837606837606 0.6428571428571429 0.45714285714285713 0.6173913043478261 0.078125 0.5491803278688525 0.112 0.5529411764705883 0.3770491803278688 0.31
0.47692307692307695 0.4166666666666667 0.3253012048192771 0.4533333333333333 0.3953488372093023 1.0 0.34210526315789475 0.5 0.42857142857142855 0.3902439024390244 0.43037974683544306 0.5081967213114754 0.46875 0.2077922077922078 0.35051546391752575 0.20481927710843373 0.5 0.27472527472527475 0.2714285714285714 0.4146341463414634 1.0 0.3063063063063063 0.3163265306122449 0.15730337078651685 0.325 0.1702127659574468 0.19607843137254902 0.35051546391752575 0.11904761904761904 0.22330097087378642 0.2545454545454545 0.30701754385964913 0.1891891891891892 0.16326530612244897 0.49230769230769234 0.4125 0.3333333333333333 0.4125 0.3333333333333333 0.1509433962264151 0.21621621621621623 0.11818181818181818 0.3090909090909091 0.24675324675324675 0.27 0.4444444444444444 0.4 0.3217391304347826 0.10638297872340426 0.3025210084033613 0.16666666666666666 0.4626865671641791 0.2761904761904762 0.3108108108108108
0.5774647887323944 0.3409090909090909 0.575 0.5625 0.4782608695652174 0.34210526315789475 1.0 0.5555555555555556 0.4823529411764706 0.5116279069767442 0.5 0.5882352941176471 0.5714285714285714 0.23170731707317074 0.42718446601941745 0.13725490196078433 0.5797101449275363 0.5 0.12903225806451613 0.5 0.34210526315789475 0.3416666666666667 0.4215686274509804 0.13333333333333333 0.8769230769230769 0.13513513513513514 0.203125 0.47 0.0891089108910891 0.14516129032258066 0.13333333333333333 0.36363636363636365 0.13043478260869565 0.140625 0.5694444444444444 0.4659090909090909 0.36936936936936937 0.4659090909090909 0.3944954128440367 0.13114754098360656 0.1889763779527559 0.07751937984496124 0.3333333333333333 0.20430107526881722 0.7023809523809523 0.3333333333333333 0.43617021276595747 0.3548387096774194 0.08108108108108109 0.3464566929133858 0.1308411214953271 0.5616438356164384 0.6483516483516484 0.21505376344086022
0.7966101694915254 0.38271604938271603 0.34831460674157305 0.5454545454545454 0.5294117647058824 0.5 0.5555555555555556 1.0 0.5789473684210527 0.55 0.5185185185185185 0.8545454545454545 0.8571428571428571 0.21739130434782608 0.4536082474226804 0.15789473684210525 0.8727272727272727 0.29896907216494845 0.125 0.575 0.5 0.33620689655172414 0.41836734693877553 0.10784313725490197 0.5263157894736842 0.15384615384615385 0.16393442622950818 0.42424242424242425 0.09473684210526316 0.13333333333333333 0.14492753623188406 0.40707964601769914 0.15294117647058825 0.13559322033898305 0.9107142857142857 0.5 0.3904761904761905 0.5 0.35185185185185186 0.14782608695652175 0.19834710743801653 0.08130081300813008 0.3508771929824561 0.17777777777777778 0.4270833333333333 0.3902439024390244 0.449438202247191 0.38461538461538464 0.07547169811320754 0.36363636363636365 0.12745098039215685 0.6615384615384615 0.38461538461538464 0.2441860465116279
0.6438356164383562 0.75 0.5227272727272727 0.75 0.7349397590361446 0.42857142857142855 0.4823529411764706 0.5789473684210527 1.0 0.6235294117647059 0.6707317073170732 0.6111111111111112 0.5945945945945946 0.22093023255813954 0.631578947368421 0.16981132075471697 0.6027397260273972 0.4583333333333333 0.13 0.6867469879518072 0.42857142857142855 0.46956521739130436 0.4854368932038835 0.15454545454545454 0.42857142857142855 0.15517241379310345 0.13333333333333333 0.5196078431372549 0.1346153846153846 0.16279069767441862 0.14814814814814814 0.5309734513274337 0.14285714285714285 0.1095890410958904 0.5714285714285714 0.6309523809523809 0.5686274509803921 0.6309523809523809 0.4953271028037383 0.14960629921259844 0.23255813953488372 0.10526315789473684 0.5135135135135135 0.1650485436893204 0.37272727272727274 0.7297297297297297 0.45918367346938777 0.5304347826086957 0.0847457627118644 0.4793388429752066 0.12173913043478261 0.5061728395061729 0.3739130434782609 0.31521739130434784
0.569620253164557 0.4772727272727273 0.46808510638297873 0.691358024691358 0.6263736263736264 0.3902439024390244 0.5116279069767442 0.55 0.6235294117647059 1.0 0.6206896551724138 0.5584415584415584 0.5641025641025641 0.22285714285714286 0.5436893203883495 0.19626168224299065 0.5714285714285714 0.4117647058823529 0.125 0.6551724137931034 0.3902439024390244 0.5175438596491229 0.6185567010309279 0.1391304347826087 0.45652173913043476 0.1896551724137931 0.09876543209876543 0.48598130841121495 0.11926605504587157 0.14925373134328357 0.1686746987951807 0.5 0.1485148514851485 0.0759493670886076 0.5432098765432098 0.5842696629213483 0.5185185185185185 0.5842696629213483 0.5045871559633027 0.13636363636363635 0.29365079365079366 0.09420289855072464 0.5357142857142857 0.16981132075471697 0.3963963963963964 0.4666666666666667 0.4411764705882353 0.47540983606557374 0.08196721311475409 0.512396694214876 0.11764705882352941 0.46511627906976744 0.40869565217391307 0.47058823529411764
0.5375 0.6538461538461539 0.5054945054945055 0.8888888888888888 0.7926829268292683 0.43037974683544306 0.5 0.5185185185185185 0.6707317073170732 0.6206896551724138 1.0 0.5063291139240507 0.49382716049382713 0.21714285714285714 0.6288659793814433 0.17592592592592593 0.5 0.4444444444444444 0.13725490196078433 0.8333333333333334 0.43037974683544306 0.5779816513761468 0.56 0.14035087719298245 0.5833333333333334 0.16101694915254236 0.1282051282051282 0.7555555555555555 0.11009174311926606 0.15037593984962405 0.14285714285714285 0.5304347826086957 0.13861386138613863 0.10526315789473684 0.5308641975308642 0.9444444444444444 0.63 0.9444444444444444 0.6138613861386139 0.15503875968992248 0.2558139534883721 0.0948905109489051 0.5688073394495413 0.17142857142857143 0.38738738738738737 0.6375 0.5698924731182796 0.5169491525423728 0.08264462809917356 0.4796747967479675 0.11864406779661017 0.6891891891891891 0.3879310344827586 0.3333333333333333
0.8545454545454545 0.4025974025974026 0.36470588235294116 0.5753424657534246 0.5180722891566265 0.5081967213114754 0.5882352941176471 0.8545454545454545 0.6111111111111112 0.5584415584415584 0.5063291139240507 1.0 0.9230769230769231 0.2229299363057325 0.4731182795698925 0.13978494623655913 0.98 0.3118279569892473 0.13095238095238096 0.5443037974683544 0.5081967213114754 0.336283185840708 0.3917525773195876 0.11224489795918367 0.5135135135135135 0.1485148514851485 0.17543859649122806 0.41237113402061853 0.1111111111111111 0.13793103448275862 0.15384615384615385 0.4090909090909091 0.16049382716049382 0.14545454545454545 0.8727272727272727 0.4875 0.3786407766990291 0.4875 0.36538461538461536 0.12280701754385964 0.18487394957983194 0.075 0.35135135135135137 0.1724137931034483 0.44565217391304346 0.42857142857142855 0.4367816091954023 0.39823008849557523 0.0784313725490196 0.37606837606837606 0.1326530612244898 0.6507936507936508 0.4 0.25609756097560976
0.9259259259259259 0.3924050632911392 0.3563218390804598 0.56 0.5058823529411764 0.46875 0.5714285714285714 0.8571428571428571 0.5945945945945946 0.5641025641025641 0.49382716049382713 0.9230769230769231 1.0 0.2125 0.4479166666666667 0.1368421052631579 0.9423076923076923 0.30526315789473685 0.11494252873563218 0.5308641975308642 0.46875 0.33043478260869563 0.3838383838383838 0.11 0.5 0.14563106796116504 0.1694915254237288 0.40404040404040403 0.10869565217391304 0.12605042016806722 0.14925373134328357 0.4017857142857143 0.1566265060240964 0.14035087719298245 0.8103448275862069 0.47560975609756095 0.38461538461538464 0.47560975609756095 0.3584905660377358 0.1206896551724138 0.18181818181818182 0.07377049180327869 0.34513274336283184 0.16853932584269662 0.43617021276595747 0.4 0.42696629213483145 0.3793103448275862 0.07692307692307693 0.35833333333333334 0.13 0.6307692307692307 0.39215686274509803 0.25
0.20987654320987653 0.1676300578034682 0.19318181818181818 0.22941176470588234 0.2222222222222222 0.2077922077922078 0.23170731707317074 0.21739130434782608 0.22093023255813954 0.22285714285714286 0.21714285714285714 0.2229299363057325 0.2125 1.0 0.24864864864864866 0.19047619047619047 0.22151898734177214 0.18032786885245902 0.21153846153846154 0.22033898305084745 0.2077922077922078 0.2760416666666667 0.27932960893854747 0.16 0.21893491124260356 0.22093023255813954 0.10273972602739725 0.24864864864864866 0.1411764705882353 0.24861878453038674 0.08333333333333333 0.29015544041450775 0.14634146341463414 0.07534246575342465 0.2236024844720497 0.21022727272727273 0.31843575418994413 0.21022727272727273 0.3111111111111111 0.15625 0.23036649214659685 0.14948453608247422 0.2774869109947644 0.15976331360946747 0.20105820105820105 0.1724137931034483 0.3353658536585366 0.30569948186528495 0.2 0.2878787878787879 0.17142857142857143 0.1927710843373494 0.3146067415730337 0.15204678362573099
0.4536082474226804 0.53125 0.42201834862385323 0.6739130434782609 0.7741935483870968 0.35051546391752575 0.42718446601941745 0.4536082474226804 0.631578947368421 0.5436893203883495 0.6288659793814433 0.4731182795698925 0.4479166666666667 0.24864864864864866 1.0 0.25 0.46808510638297873 0.3879310344827586 0.16521739130434782 0.6770833333333334 0.35051546391752575 0.484375 0.5 0.13846153846153847 0.39814814814814814 0.23015873015873015 0.11578947368421053 0.5172413793103449 0.10317460317460317 0.1554054054054054 0.14 0.6581196581196581 0.16666666666666666 0.0851063829787234 0.4791666666666667 0.6288659793814433 0.6160714285714286 0.6288659793814433 0.5210084033613446 0.14383561643835616 0.2765957446808511 0.09090909090909091 0.5365853658536586 0.175 0.34375 0.5360824742268041 0.45132743362831856 0.7433628318584071 0.07194244604316546 0.639344262295082 0.1111111111111111 0.4742268041237113 0.3560606060606061 0.2909090909090909
0.13402061855670103 0.13725490196078433 0.13761467889908258 0.17142857142857143 0.18584070796460178 0.20481927710843373 0.13725490196078433 0.15789473684210525 0.16981132075471697 0.19626168224299065 0.17592592592592593 0.13978494623655913 0.1368421052631579 0.19047619047619047 0.25 1.0 0.13829787234042554 0.14035087719298245 0.35526315789473684 0.17117117117117117 0.20481927710843373 0.25196850393700787 0.3119266055045872 0.13592233009708737 0.14285714285714285 0.6533333333333333 0.11940298507462686 0.16 0.125 0.15702479338842976 0.16901408450704225 0.23484848484848486 0.275 0.07575757575757576 0.16842105263157894 0.17592592592592593 0.2711864406779661 0.17592592592592593 0.2605042016806723 0.1826086956521739 0.30701754385964913 0.12295081967213115 0.264 0.30952380952380953 0.11023622047244094 0.1346153846153846 0.26666666666666666 0.2868217054263566 0.07272727272727272 0.37398373983739835 0.14423076923076922 0.15463917525773196 0.1746031746031746 0.18085106382978725
0.8727272727272727 0.3974358974358974 0.36046511627906974 0.5675675675675675 0.5119047619047619 0.5 0.5797101449275363 0.8727272727272727 0.6027397260273972 0.5714285714285714 0.5 0.98 0.9423076923076923 0.22151898734177214 0.46808510638297873 0.13829787234042554 1.0 0.30851063829787234 0.12941176470588237 0.5375 0.5 0.3333333333333333 0.3877551020408163 0.1111111111111111 0.5066666666666667 0.14705882352941177 0.1724137931034483 0.40816326530612246 0.10989010989010989 0.13675213675213677 0.15151515151515152 0.41818181818181815 0.15853658536585366 0.14285714285714285 0.8571428571428571 0.48148148148148145 0.3883495145631068 0.48148148148148145 0.3619047619047619 0.12173913043478261 0.18333333333333332 0.0743801652892562 0.3482142857142857 0.17045454545454544 0.44086021505376344 0.4230769230769231 0.4318181818181818 0.39473684210526316 0.07766990291262135 0.3728813559322034 0.13131313131313133 0.640625 0.39603960396039606 0.25301204819277107
0.3125 0.5348837209302325 0.8666666666666667 0.4631578947368421 0.42857142857142855 0.27472527472527475 0.5 0.29896907216494845 0.4583333333333333 0.4117647058823529 0.4444444444444444 0.3118279569892473 0.30526315789473685 0.18032786885245902 0.3879310344827586 0.14035087719298245 0.30851063829787234 1.0 0.13333333333333333 0.4174757281553398 0.27472527472527475 0.3671875 0.3706896551724138 0.17699115044247787 0.4782608695652174 0.13821138211382114 0.1375 0.41228070175438597 0.13761467889908258 0.15555555555555556 0.1 0.3358208955223881 0.102803738317757 0.0875 0.29591836734693877 0.4158415841584158 0.3949579831932773 0.4158415841584158 0.3949579831932773 0.15151515151515152 0.1702127659574468 0.125 0.3700787401574803 0.21153846153846154 0.4144144144144144 0.5227272727272727 0.2956521739130435 0.3284671532846715 0.10743801652892562 0.3028169014084507 0.10655737704918032 0.28 0.4017094017094017 0.22115384615384615
0.11235955056179775 0.12903225806451613 0.13 0.14285714285714285 0.12844036697247707 0.2714285714285714 0.12903225806451613 0.125 0.13 0.125 0.13725490196078433 0.13095238095238096 0.11494252873563218 0.21153846153846154 0.16521739130434782 0.35526315789473684 0.12941176470588237 0.13333333333333333 1.0 0.13333333333333333 0.2714285714285714 0.1935483870967742 0.21100917431192662 0.10416666666666667 0.12371134020618557 0.24175824175824176 0.18518518518518517 0.11666666666666667 0.0898876404494382 0.2169811320754717 0.18032786885245902 0.16923076923076924 0.28169014084507044 0.1320754716981132 0.12359550561797752 0.1485148514851485 0.20869565217391303 0.1485148514851485 0.20869565217391303 0.10619469026548672 0.15966386554621848 0.06779661016949153 0.20491803278688525 0.3026315789473684 0.1016949152542373 0.13829787234042554 0.24489795918367346 0.2109375 0.08080808080808081 0.2248062015503876 0.1368421052631579 0.12222222222222222 0.15126050420168066 0.16279069767441862
0.5555555555555556 0.6097560975609756 0.47368421052631576 0.8783783783783784 0.8518518518518519 0.4146341463414634 0.5 0.575 0.6867469879518072 0.6551724137931034 0.8333333333333334 0.5443037974683544 0.5308641975308642 0.22033898305084745 0.6770833333333334 0.17117117117117117 0.5375 0.4174757281553398 0.13333333333333333 1.0 0.4146341463414634 0.5486725663716814 0.5436893203883495 0.13675213675213677 0.4782608695652174 0.15702479338842976 0.12345679012345678 0.6597938144329897 0.12727272727272726 0.14705882352941177 0.13793103448275862 0.5701754385964912 0.1346153846153846 0.10126582278481013 0.5875 0.810126582278481 0.5961538461538461 0.810126582278481 0.580952380952381 0.17829457364341086 0.25 0.10869565217391304 0.5818181818181818 0.1559633027522936 0.4144144144144144 0.5952380952380952 0.4752475247524752 0.5964912280701754 0.08064516129032258 0.5163934426229508 0.11570247933884298 0.5802469135802469 0.3898305084745763 0.3229166666666667
0.47692307692307695 0.4166666666666667 0.3253012048192771 0.4533333333333333 0.3953488372093023 1.0 0.34210526315789475 0.5 0.42857142857142855 0.3902439024390244 0.43037974683544306 0.5081967213114754 0.46875 0.2077922077922078 0.35051546391752575 0.20481927710843373 0.5 0.27472527472527475 0.2714285714285714 0.4146341463414634 1.0 0.3063063063063063 0.3163265306122449 0.15730337078651685 0.325 0.1702127659574468 0.19607843137254902 0.35051546391752575 0.11904761904761904 0.22330097087378642 0.2545454545454545 0.30701754385964913 0.1891891891891892 0.16326530612244897 0.49230769230769234 0.4125 0.3333333333333333 0.4125 0.3333333333333333 0.1509433962264151 0.21621621621621623 0.11818181818181818 0.3090909090909091 0.24675324675324675 0.27 0.4444444444444444 0.4 0.3217391304347826 0.10638297872340426 0.3025210084033613 0.16666666666666666 0.4626865671641791 0.2761904761904762 0.3108108108108108
0.35964912280701755 0.47706422018348627 0.352 0.5849056603773585 0.5299145299145299 0.3063063063063063 0.3416666666666667 0.33620689655172414 0.46956521739130436 0.5175438596491229 0.5779816513761468 0.336283185840708 0.33043478260869563 0.2760416666666667 0.484375 0.25196850393700787 0.3333333333333333 0.3671875 0.1935483870967742 0.5486725663716814 0.3063063063063063 1.0 0.6785714285714286 0.1095890410958904 0.34146341463414637 0.2426470588235294 0.07142857142857142 0.4728682170542636 0.0851063829787234 0.1858974358974359 0.09401709401709402 0.5407407407407407 0.18548387096774194 0.05454545454545454 0.3448275862068966 0.5495495495495496 0.7105263157894737 0.5495495495495496 0.7256637168141593 0.13125 0.2356687898089172 0.07692307692307693 0.7807017543859649 0.23015873015873015 0.34782608695652173 0.46846846846846846 0.6036036036036037 0.5401459854014599 0.07236842105263158 0.5851851851851851 0.08609271523178808 0.3893805309734513 0.3129251700680272 0.2892561983471074
0.39 0.4077669902912621 0.4036697247706422 0.5510204081632653 0.5233644859813084 0.3163265306122449 0.4215686274509804 0.41836734693877553 0.4854368932038835 0.6185567010309279 0.56 0.3917525773195876 0.3838383838383838 0.27932960893854747 0.5 0.3119266055045872 0.3877551020408163 0.3706896551724138 0.21100917431192662 0.5436893203883495 0.3163265306122449 0.6785714285714286 1.0 0.12307692307692308 0.4326923076923077 0.2644628099173554 0.08333333333333333 0.45 0.096 0.14189189189189189 0.13131313131313133 0.536 0.2358490566037736 0.06382978723404255 0.42857142857142855 0.5294117647058824 0.6272727272727273 0.5294117647058824 0.6574074074074074 0.14583333333333334 0.29927007299270075 0.08496732026143791 0.7 0.23008849557522124 0.33858267716535434 0.4 0.5882352941176471 0.5725806451612904 0.072992700729927 0.6363636363636364 0.12121212121212122 0.4387755102040816 0.37209302325581395 0.34615384615384615
0.10784313725490197 0.16666666666666666 0.18691588785046728 0.14545454545454545 0.14166666666666666 0.15730337078651685 0.13333333333333333 0.10784313725490197 0.15454545454545454 0.1391304347826087 0.14035087719298245 0.11224489795918367 0.11 0.16 0.13846153846153847 0.13592233009708737 0.1111111111111111 0.17699115044247787 0.10416666666666667 0.13675213675213677 0.15730337078651685 0.1095890410958904 0.12307692307692308 1.0 0.12844036697247707 0.10434782608695652 0.13043478260869565 0.1746031746031746 0.24719101123595505 0.24347826086956523 0.11688311688311688 0.11409395973154363 0.11702127659574468 0.07246376811594203 0.10679611650485436 0.16071428571428573 0.125 0.16071428571428573 0.1417910447761194 0.19827586206896552 0.17829457364341086 0.3333333333333333 0.11805555555555555 0.18947368421052632 0.1076923076923077 0.16346153846153846 0.11475409836065574 0.1118421052631579 0.14150943396226415 0.11688311688311688 0.14018691588785046 0.12745098039215685 0.1889763779527559 0.12871287128712872
0.5064935064935064 0.32608695652173914 0.5476190476190477 0.5 0.4583333333333333 0.325 0.8769230769230769 0.5263157894736842 0.42857142857142855 0.45652173913043476 0.5833333333333334 0.5135135135135135 0.5 0.21893491124260356 0.39814814814814814 0.14285714285714285 0.5066666666666667 0.4782608695652174 0.12371134020618557 0.4782608695652174 0.325 0.34146341463414637 0.4326923076923077 0.12844036697247707 1.0 0.14035087719298245 0.19117647058823528 0.5408163265306123 0.08571428571428572 0.140625 0.12658227848101267 0.3412698412698413 0.125 0.1323529411764706 0.5394736842105263 0.5465116279069767 0.3684210526315789 0.5465116279069767 0.3805309734513274 0.14516129032258066 0.20155038759689922 0.07518796992481203 0.3333333333333333 0.20833333333333334 0.6333333333333333 0.3191489361702128 0.4946236559139785 0.3333333333333333 0.0782608695652174 0.32575757575757575 0.12612612612612611 0.6619718309859155 0.5876288659793815 0.20618556701030927
0.14285714285714285 0.125 0.13559322033898305 0.1565217391304348 0.17073170731707318 0.1702127659574468 0.13513513513513514 0.15384615384615385 0.15517241379310345 0.1896551724137931 0.16101694915254236 0.1485148514851485 0.14563106796116504 0.22093023255813954 0.23015873015873015 0.6533333333333333 0.14705882352941177 0.13821138211382114 0.24175824175824176 0.15702479338842976 0.1702127659574468 0.2426470588235294 0.2644628099173554 0.10434782608695652 0.14035087719298245 1.0 0.08974358974358974 0.14814814814814814 0.14563106796116504 0.1450381679389313 0.12048192771084337 0.2357142857142857 0.20430107526881722 0.08 0.16346153846153846 0.15126050420168066 0.2698412698412698 0.15126050420168066 0.2698412698412698 0.15873015873015872 0.272 0.11363636363636363 0.2537313432835821 0.2 0.11029411764705882 0.12280701754385964 0.2767857142857143 0.2571428571428571 0.06666666666666667 0.30656934306569344 0.15178571428571427 0.12962962962962962 0.17037037037037037 0.14150943396226415
0.16393442622950818 0.11594202898550725 0.18055555555555555 0.13513513513513514 0.11764705882352941 0.19607843137254902 0.203125 0.16393442622950818 0.13333333333333333 0.09876543209876543 0.1282051282051282 0.17543859649122806 0.1694915254237288 0.10273972602739725 0.11578947368421053 0.11940298507462686 0.1724137931034483 0.1375 0.18518518518518517 0.12345679012345678 0.19607843137254902 0.07142857142857142 0.08333333333333333 0.13043478260869565 0.19117647058823528 0.08974358974358974 1.0 0.13978494623655913 0.078125 0.18823529411764706 0.29411764705882354 0.08771929824561403 0.14545454545454545 0.6842105263157895 0.16129032258064516 0.14285714285714285 0.07766990291262135 0.14285714285714285 0.09900990099009901 0.10227272727272728 0.12244897959183673 0.053763440860215055 0.07207207207207207 0.14516129032258066 0.14606741573033707 0.11267605633802817 0.09302325581395349 0.08547008547008547 0.11267605633802817 0.09243697478991597 0.14285714285714285 0.1774193548387097 0.13541666666666666 0.14285714285714285
0.42424242424242425 0.5 0.46226415094339623 0.6739130434782609 0.6336633663366337 0.35051546391752575 0.47 0.42424242424242425 0.5196078431372549 0.48598130841121495 0.7555555555555555 0.41237113402061853 0.40404040404040403 0.24864864864864866 0.5172413793103449 0.16 0.40816326530612246 0.41228070175438597 0.11666666666666667 0.6597938144329897 0.35051546391752575 0.4728682170542636 0.45 0.1746031746031746 0.5408163265306123 0.14814814814814814 0.13978494623655913 1.0 0.12096774193548387 0.1958041958041958 0.12871287128712872 0.44776119402985076 0.14655172413793102 0.10869565217391304 0.43434343434343436 0.7362637362637363 0.5083333333333333 0.7362637362637363 0.5210084033613446 0.176056338028169 0.2676056338028169 0.12751677852348994 0.4765625 0.18487394957983194 0.376 0.49 0.4642857142857143 0.43795620437956206 0.13740458015267176 0.4084507042253521 0.1450381679389313 0.5543478260869565 0.42063492063492064 0.27927927927927926
0.10638297872340426 0.14583333333333334 0.1346153846153846 0.11428571428571428 0.11304347826086956 0.11904761904761904 0.0891089108910891 0.09473684210526316 0.1346153846153846 0.11926605504587157 0.11009174311926606 0.1111111111111111 0.10869565217391304 0.1411764705882353 0.10317460317460317 0.125 0.10989010989010989 0.13761467889908258 0.0898876404494382 0.12727272727272726 0.11904761904761904 0.0851063829787234 0.096 0.24719101123595505 0.08571428571428572 0.14563106796116504 0.078125 0.12096774193548387 1.0 0.18584070796460178 0.1 0.0979020979020979 0.09090909090909091 0.06557377049180328 0.09375 0.11009174311926606 0.1076923076923077 0.11009174311926606 0.09090909090909091 0.3402061855670103 0.1171875 0.48863636363636365 0.10144927536231885 0.10638297872340426 0.10655737704918032 0.14285714285714285 0.09482758620689655 0.10344827586206896 0.15463917525773196 0.08666666666666667 0.10784313725490197 0.08163265306122448 0.11811023622047244 0.09375
0.12396694214876033 0.14516129032258066 0.15384615384615385 0.15503875968992248 0.14285714285714285 0.22330097087378642 0.14516129032258066 0.13333333333333333 0.16279069767441862 0.14925373134328357 0.15037593984962405 0.13793103448275862 0.12605042016806722 0.24861878453038674 0.1554054054054054 0.15702479338842976 0.13675213675213677 0.15555555555555556 0.2169811320754717 0.14705882352941177 0.22330097087378642 0.1858974358974359 0.14189189189189189 0.24347826086956523 0.140625 0.1450381679389313 0.18823529411764706 0.1958041958041958 0.18584070796460178 1.0 0.17204301075268819 0.14545454545454545 0.15315315315315314 0.1411764705882353 0.1322314049586777 0.15037593984962405 0.13548387096774195 0.15037593984962405 0.15789473684210525 0.21804511278195488 0.24113475177304963 0.1897810218978102 0.14285714285714285 0.1724137931034483 0.1597222222222222 0.152 0.14388489208633093 0.1566265060240964 0.23076923076923078 0.15384615384615385 0.23931623931623933 0.12195121951219512 0.22535211267605634 0.15126050420168066
0.14492753623188406 0.11842105263157894 0.13414634146341464 0.15 0.13186813186813187 0.2545454545454545 0.13333333333333333 0.14492753623188406 0.14814814814814814 0.1686746987951807 0.14285714285714285 0.15384615384615385 0.14925373134328357 0.08333333333333333 0.14 0.16901408450704225 0.15151515151515152 0.1 0.18032786885245902 0.13793103448275862 0.2545454545454545 0.09401709401709402 0.13131313131313133 0.11688311688311688 0.12658227848101267 0.12048192771084337 0.29411764705882354 0.12871287128712872 0.1 0.17204301075268819 1.0 0.1092436974789916 0.2909090909090909 0.21212121212121213 0.14285714285714285 0.1566265060240964 0.10185185185185185 0.1566265060240964 0.10185185185185185 0.12903225806451613 0.1568627450980392 0.0707070707070707 0.09482758620689655 0.1791044776119403 0.1 0.11538461538461539 0.12087912087912088 0.10655737704918032 0.16 0.11290322580645161 0.15789473684210525 0.15714285714285714 0.125 0.25
0.40707964601769914 0.4473684210526316 0.36220472440944884 0.5636363636363636 0.6339285714285714 0.30701754385964913 0.36363636363636365 0.40707964601769914 0.5309734513274337 0.5 0.5304347826086957 0.4090909090909091 0.4017857142857143 0.29015544041450775 0.6581196581196581 0.23484848484848486 0.41818181818181815 0.3358208955223881 0.16923076923076924 0.5701754385964912 0.30701754385964913 0.5407407407407407 0.536 0.11409395973154363 0.3412698412698413 0.2357142857142857 0.08771929824561403 0.44776119402985076 0.0979020979020979 0.14545454545454545 0.1092436974789916 1.0 0.1796875 0.07142857142857142 0.415929203539823 0.5172413793103449 0.7155172413793104 0.5172413793103449 0.5546875 0.12804878048780488 0.25316455696202533 0.08139534883720931 0.5923076923076923 0.17777777777777778 0.3013698630136986 0.45217391304347826 0.5041322314049587 0.6666666666666666 0.06369426751592357 0.689922480620155 0.10526315789473684 0.3879310344827586 0.3680555555555556 0.24031007751937986
0.15294117647058825 0.10638297872340426 0.09803921568627451 0.14432989690721648 0.12962962962962962 0.1891891891891892 0.13043478260869565 0.15294117647058825 0.14285714285714285 0.1485148514851485 0.13861386138613863 0.16049382716049382 0.1566265060240964 0.14634146341463414 0.16666666666666666 0.275 0.15853658536585366 0.102803738317757 0.28169014084507044 0.1346153846153846 0.1891891891891892 0.18548387096774194 0.2358490566037736 0.11702127659574468 0.125 0.20430107526881722 0.14545454545454545 0.14655172413793102 0.09090909090909091 0.15315315315315314 0.2909090909090909 0.1796875 1.0 0.09259259259259259 0.1511627906976744 0.15 0.2 0.15 0.2 0.11711711711711711 0.1810344827586207 0.06837606837606838 0.18699186991869918 0.2894736842105263 0.11206896551724138 0.10416666666666667 0.23469387755102042 0.203125 0.1276595744680851 0.1984732824427481 0.20224719101123595 0.16279069767441862 0.15254237288135594 0.2375
0.13559322033898305 0.08955223880597014 0.125 0.1111111111111111 0.0963855421686747 0.16326530612244897 0.140625 0.13559322033898305 0.1095890410958904 0.0759493670886076 0.10526315789473684 0.14545454545454545 0.14035087719298245 0.07534246575342465 0.0851063829787234 0.07575757575757576 0.14285714285714285 0.0875 0.1320754716981132 0.10126582278481013 0.16326530612244897 0.05454545454545454 0.06382978723404255 0.07246376811594203 0.1323529411764706 0.08 0.6842105263157895 0.10869565217391304 0.06557377049180328 0.1411764705882353 0.21212121212121213 0.07142857142857142 0.09259259259259259 1.0 0.13333333333333333 0.10526315789473684 0.0594059405940594 0.10526315789473684 0.07 0.08139534883720931 0.09278350515463918 0.044444444444444446 0.05504587155963303 0.08064516129032258 0.10112359550561797 0.08695652173913043 0.07142857142857142 0.06956521739130435 0.10294117647058823 0.06779661016949153 0.11764705882352941 0.13114754098360656 0.09375 0.0967741935483871
0.7540983606557377 0.3780487804878049 0.34444444444444444 0.5584415584415584 0.5411764705882353 0.49230769230769234 0.5694444444444444 0.9107142857142857 0.5714285714285714 0.5432098765432098 0.5308641975308642 0.8727272727272727 0.8103448275862069 0.2236024844720497 0.4791666666666667 0.16842105263157894 0.8571428571428571 0.29591836734693877 0.12359550561797752 0.5875 0.49230769230769234 0.3448275862068966 0.42857142857142855 0.10679611650485436 0.5394736842105263 0.16346153846153846 0.16129032258064516 0.43434343434343436 0.09375 0.1322314049586777 0.14285714285714285 0.415929203539823 0.1511627906976744 0.13333333333333333 1.0 0.5121951219512195 0.3867924528301887 0.5121951219512195 0.3611111111111111 0.14655172413793102 0.2066115702479339 0.08064516129032258 0.35964912280701755 0.17582417582417584 0.4375 0.4024390243902439 0.4444444444444444 0.4051724137931034 0.07476635514018691 0.38333333333333336 0.1262135922330097 0.676923076923077 0.3942307692307692 0.2413793103448276
0.5 0.6125 0.4731182795698925 0.8378378378378378 0.7710843373493976 0.4125 0.4659090909090909 0.5 0.6309523809523809 0.5842696629213483 0.9444444444444444 0.4875 0.47560975609756095 0.21022727272727273 0.6288659793814433 0.17592592592592593 0.48148148148148145 0.4158415841584158 0.1485148514851485 0.810126582278481 0.4125 0.5495495495495496 0.5294117647058824 0.16071428571428573 0.5465116279069767 0.15126050420168066 0.14285714285714285 0.7362637362637363 0.11009174311926606 0.15037593984962405 0.1566265060240964 0.5172413793103449 0.15 0.10526315789473684 0.5121951219512195 1.0 0.5980392156862745 1.0 0.5825242718446602 0.14615384615384616 0.265625 0.08695652173913043 0.5545454545454546 0.17142857142857143 0.36283185840707965 0.5975609756097561 0.5368421052631579 0.5042016806722689 0.08264462809917356 0.4796747967479675 0.11864406779661017 0.7361111111111112 0.3644067796610169 0.34782608695652173
0.4174757281553398 0.5833333333333334 0.40350877192982454 0.6391752577319587 0.6666666666666666 0.3333333333333333 0.36936936936936937 0.3904761904761905 0.5686274509803921 0.5185185185185185 0.63 0.3786407766990291 0.38461538461538464 0.31843575418994413 0.6160714285714286 0.2711864406779661 0.3883495145631068 0.3949579831932773 0.20869565217391303 0.5961538461538461 0.3333333333333333 0.7105263157894737 0.6272727272727273 0.125 0.3684210526315789 0.2698412698412698 0.07766990291262135 0.5083333333333333 0.1076923076923077 0.13548387096774195 0.10185185185185185 0.7155172413793104 0.2 0.0594059405940594 0.3867924528301887 0.5980392156862745 1.0 0.5980392156862745 0.7222222222222222 0.12418300653594772 0.24161073825503357 0.0880503144654088 0.7168141592920354 0.19672131147540983 0.3014705882352941 0.5714285714285714 0.6732673267326733 0.711864406779661 0.0547945205479452 0.626984126984127 0.09154929577464789 0.4230769230769231 0.3333333333333333 0.2672413793103448
0.5 0.6125 0.4731182795698925 0.8378378378378378 0.7710843373493976 0.4125 0.4659090909090909 0.5 0.6309523809523809 0.5842696629213483 0.9444444444444444 0.4875 0.47560975609756095 0.21022727272727273 0.6288659793814433 0.17592592592592593 0.48148148148148145 0.4158415841584158 0.1485148514851485 0.810126582278481 0.4125 0.5495495495495496 0.5294117647058824 0.16071428571428573 0.5465116279069767 0.15126050420168066 0.14285714285714285 0.7362637362637363 0.11009174311926606 0.15037593984962405 0.1566265060240964 0.5172413793103449 0.15 0.10526315789473684 0.5121951219512195 1.0 0.5980392156862745 1.0 0.5825242718446602 0.14615384615384616 0.265625 0.08695652173913043 0.5545454545454546 0.17142857142857143 0.36283185840707965 0.5975609756097561 0.5368421052631579 0.5042016806722689 0.08264462809917356 0.4796747967479675 0.11864406779661017 0.7361111111111112 0.3644067796610169 0.34782608695652173
0.3904761904761905 0.504950495049505 0.40350877192982454 0.6391752577319587 0.5596330275229358 0.3333333333333333 0.3944954128440367 0.35185185185185186 0.4953271028037383 0.5045871559633027 0.6138613861386139 0.36538461538461536 0.3584905660377358 0.3111111111111111 0.5210084033613446 0.2605042016806723 0.3619047619047619 0.3949579831932773 0.20869565217391303 0.580952380952381 0.3333333333333333 0.7256637168141593 0.6574074074074074 0.1417910447761194 0.3805309734513274 0.2698412698412698 0.09900990099009901 0.5210084033613446 0.09090909090909091 0.15789473684210525 0.10185185185185185 0.5546875 0.2 0.07 0.3611111111111111 0.5825242718446602 0.7222222222222222 0.5825242718446602 1.0 0.10256410256410256 0.2251655629139073 0.08125 0.7168141592920354 0.21666666666666667 0.3208955223880597 0.49514563106796117 0.6407766990291263 0.5658914728682171 0.0547945205479452 0.553030303030303 0.09154929577464789 0.4095238095238095 0.35294117647058826 0.2782608695652174
0.11864406779661017 0.11290322580645161 0.14960629921259844 0.14173228346456693 0.17293233082706766 0.1509433962264151 0.13114754098360656 0.14782608695652175 0.14960629921259844 0.13636363636363635 0.15503875968992248 0.12280701754385964 0.1206896551724138 0.15625 0.14383561643835616 0.1826086956521739 0.12173913043478261 0.15151515151515152 0.10619469026548672 0.17829457364341086 0.1509433962264151 0.13125 0.14583333333333334 0.19827586206896552 0.14516129032258066 0.15873015873015872 0.10227272727272728 0.176056338028169 0.3402061855670103 0.21804511278195488 0.12903225806451613 0.12804878048780488 0.11711711711711711 0.08139534883720931 0.14655172413793102 0.14615384615384616 0.12418300653594772 0.14615384615384616 0.10256410256410256 1.0 0.1875 0.28225806451612906 0.1111111111111111 0.1891891891891892 0.1897810218978102 0.1111111111111111 0.11510791366906475 0.1393939393939394 0.21739130434782608 0.12352941176470589 0.14634146341463414 0.12605042016806722 0.14864864864864866 0.11764705882352941
0.17886178861788618 0.1796875 0.1865671641791045 0.2440944881889764 0.2803030303030303 0.21621621621621623 0.1889763779527559 0.19834710743801653 0.23255813953488372 0.29365079365079366 0.2558139534883721 0.18487394957983194 0.18181818181818182 0.23036649214659685 0.2765957446808511 0.30701754385964913 0.18333333333333332 0.1702127659574468 0.15966386554621848 0.25 0.21621621621621623 0.2356687898089172 0.29927007299270075 0.17829457364341086 0.20155038759689922 0.272 0.12244897959183673 0.2676056338028169 0.1171875 0.24113475177304963 0.1568627450980392 0.25316455696202533 0.1810344827586207 0.09278350515463918 0.2066115702479339 0.265625 0.24161073825503357 0.265625 0.2251655629139073 0.1875 1.0 0.11688311688311688 0.26143790849673204 0.15079365079365079 0.15789473684210525 0.17692307692307693 0.20863309352517986 0.25625 0.18604651162790697 0.3246753246753247 0.3391304347826087 0.225 0.30714285714285716 0.26956521739130435
