1.0 0.275 0.2073170731707317 0.32432432432432434 0.18947368421052632 0.07446808510638298 0.24050632911392406 0.2872340425531915 0.5522388059701493 0.3670886075949367 0.15730337078651685 0.22826086956521738 0.4125 0.059602649006622516 0.13392857142857142 0.05952380952380952 0.23595505617977527 0.15789473684210525 0.038834951456310676 0.15217391304347827 0.07446808510638298 0.17525773195876287 0.1927710843373494 0.07692307692307693 0.16853932584269662 0.06741573033707865 0.08571428571428572 0.12264150943396226 0.05434782608695652 0.05357142857142857 0.0423728813559322 0.10655737704918032 0.06172839506172839 0.07042253521126761 0.20430107526881722 0.15217391304347827 0.15625 0.15217391304347827 0.17525773195876287 0.04672897196261682 0.047619047619047616 0.05154639175257732 0.1320754716981132 0.0784313725490196 0.20192307692307693 0.19540229885057472 0.12121212121212122 0.1206896551724138 0.047619047619047616 0.15454545454545454 0.05555555555555555 0.15789473684210525 0.1958762886597938 0.05555555555555555
0.275 1.0 0.28169014084507044 0.6666666666666666 0.4 0.1625 0.2857142857142857 0.1188118811881188 0.5483870967741935 0.19047619047619047 0.26666666666666666 0.12903225806451613 0.12903225806451613 0.08571428571428572 0.20202020202020202 0.08 0.13333333333333333 0.2289156626506024 0.08791208791208792 0.2894736842105263 0.1625 0.358974358974359 0.22972972972972974 0.08571428571428572 0.2 0.07407407407407407 0.07936507936507936 0.1935483870967742 0.07228915662650602 0.0891089108910891 0.06481481481481481 0.15454545454545454 0.08333333333333333 0.0967741935483871 0.13043478260869565 0.24050632911392406 0.35526315789473684 0.24050632911392406 0.325 0.061224489795918366 0.0625 0.08045977011494253 0.25842696629213485 0.10869565217391304 0.18181818181818182 0.6271186440677966 0.21176470588235294 0.18446601941747573 0.05982905982905983 0.2268041237113402 0.0707070707070707 0.14606741573033707 0.2558139534883721 0.0625
0.2073170731707317 0.28169014084507044 1.0 0.29850746268656714 0.2289156626506024 0.15384615384615385 0.5818181818181818 0.1111111111111111 0.25675675675675674 0.11494252873563218 0.22666666666666666 0.13333333333333333 0.12087912087912088 0.08759124087591241 0.1717171717171717 0.0684931506849315 0.13793103448275862 0.5967741935483871 0.10344827586206896 0.1875 0.15384615384615385 0.19767441860465115 0.17333333333333334 0.10606060606060606 0.5245901639344263 0.06329113924050633 0.16071428571428573 0.17391304347826086 0.075 0.08080808080808081 0.07692307692307693 0.13761467889908258 0.07142857142857142 0.18181818181818182 0.1348314606741573 0.20253164556962025 0.21951219512195122 0.20253164556962025 0.19767441860465115 0.07446808510638298 0.06451612903225806 0.10975609756097561 0.14736842105263157 0.11235955056179775 0.29545454545454547 0.2077922077922078 0.20481927710843373 0.1553398058252427 0.08035714285714286 0.1836734693877551 0.13186813186813187 0.16470588235294117 0.34615384615384615 0.04838709677419355
0.32432432432432434 0.6666666666666666 0.29850746268656714 1.0 0.4225352112676056 0.14102564102564102 0.43333333333333335 0.14736842105263157 0.373134328358209 0.2 0.3 0.16091954022988506 0.16091954022988506 0.08029197080291971 0.21052631578947367 0.0547945205479452 0.16666666666666666 0.225 0.05555555555555555 0.38235294117647056 0.14102564102564102 0.34210526315789475 0.2608695652173913 0.09090909090909091 0.21052631578947367 0.05063291139240506 0.0847457627118644 0.2159090909090909 0.0625 0.09278350515463918 0.04716981132075472 0.18269230769230768 0.05714285714285714 0.10344827586206896 0.16279069767441862 0.2702702702702703 0.32 0.2702702702702703 0.3076923076923077 0.06382978723404255 0.053763440860215055 0.08433734939759036 0.2413793103448276 0.08888888888888889 0.2696629213483146 0.3939393939393939 0.17857142857142858 0.20408163265306123 0.05263157894736842 0.23655913978494625 0.0625 0.16666666666666666 0.3333333333333333 0.04918032786885246
0.18947368421052632 0.4 0.2289156626506024 0.4225352112676056 1.0 0.13043478260869565 0.18823529411764706 0.11711711711711711 0.22988505747126436 0.18085106382978725 0.30864197530864196 0.11538461538461539 0.1262135922330097 0.08666666666666667 0.41304347826086957 0.08235294117647059 0.1188118811881188 0.18947368421052632 0.0891089108910891 0.345679012345679 0.13043478260869565 0.3146067415730337 0.21428571428571427 0.0875 0.22988505747126436 0.06521739130434782 0.0821917808219178 0.23232323232323232 0.07526881720430108 0.09009009009009009 0.09565217391304348 0.22123893805309736 0.09876543209876543 0.0821917808219178 0.11650485436893204 0.25287356321839083 0.32558139534883723 0.25287356321839083 0.23157894736842105 0.08490566037735849 0.0761904761904762 0.08247422680412371 0.28125 0.1188118811881188 0.14285714285714285 0.2891566265060241 0.2127659574468085 0.24299065420560748 0.0975609756097561 0.3684210526315789 0.09345794392523364 0.16494845360824742 0.20202020202020202 0.0821917808219178
0.07446808510638298 0.1625 0.15384615384615385 0.14102564102564102 0.13043478260869565 1.0 0.12658227848101267 0.10891089108910891 0.13095238095238096 0.11235955056179775 0.11904761904761904 0.11827956989247312 0.11827956989247312 0.08633093525179857 0.11320754716981132 0.06666666666666667 0.12222222222222222 0.1348314606741573 0.2727272727272727 0.12790697674418605 1.0 0.12903225806451613 0.125 0.07142857142857142 0.11764705882352941 0.06172839506172839 0.08064516129032258 0.1 0.060240963855421686 0.12371134020618557 0.07547169811320754 0.10526315789473684 0.06944444444444445 0.09836065573770492 0.11956521739130435 0.10227272727272728 0.13333333333333333 0.10227272727272728 0.11702127659574468 0.061855670103092786 0.08602150537634409 0.06896551724137931 0.11 0.12222222222222222 0.09433962264150944 0.14457831325301204 0.12087912087912088 0.1308411214953271 0.07894736842105263 0.12380952380952381 0.08247422680412371 0.08602150537634409 0.13829787234042554 0.11666666666666667
0.24050632911392406 0.2857142857142857 0.5818181818181818 0.43333333333333335 0.18823529411764706 0.12658227848101267 1.0 0.13541666666666666 0.2777777777777778 0.17073170731707318 0.19736842105263158 0.14772727272727273 0.14772727272727273 0.08029197080291971 0.15 0.0547945205479452 0.15294117647058825 0.3424657534246575 0.06741573033707865 0.189873417721519 0.12658227848101267 0.1590909090909091 0.1917808219178082 0.07462686567164178 0.5333333333333333 0.05063291139240506 0.16363636363636364 0.15053763440860216 0.0759493670886076 0.0707070707070707 0.0673076923076923 0.1388888888888889 0.05714285714285714 0.16363636363636364 0.14942528735632185 0.175 0.1511627906976744 0.175 0.24390243902439024 0.07526881720430108 0.053763440860215055 0.08433734939759036 0.1134020618556701 0.10112359550561797 0.44871794871794873 0.21052631578947367 0.1927710843373494 0.1568627450980392 0.07142857142857142 0.16161616161616163 0.12087912087912088 0.16666666666666666 0.5522388059701493 0.03225806451612903
0.2872340425531915 0.1188118811881188 0.1111111111111111 0.14736842105263157 0.11711711711711711 0.10891089108910891 0.13541666666666666 1.0 0.15 0.25263157894736843 0.11764705882352941 0.4418604651162791 0.5897435897435898 0.062111801242236024 0.11290322580645161 0.05263157894736842 0.375 0.09009009009009009 0.04424778761061947 0.11428571428571428 0.10891089108910891 0.10619469026548672 0.13402061855670103 0.06741573033707865 0.10576923076923077 0.0707070707070707 0.06097560975609756 0.1016949152542373 0.04854368932038835 0.05737704918032787 0.03875968992248062 0.10606060606060606 0.05434782608695652 0.06097560975609756 0.4470588235294118 0.11428571428571428 0.0990990990990991 0.11428571428571428 0.11607142857142858 0.0603448275862069 0.06140350877192982 0.056074766355140186 0.10084033613445378 0.08035714285714286 0.14285714285714285 0.11650485436893204 0.07964601769911504 0.11904761904761904 0.051470588235294115 0.11290322580645161 0.059322033898305086 0.1308411214953271 0.12389380530973451 0.04819277108433735
0.5522388059701493 0.5483870967741935 0.25675675675675674 0.373134328358209 0.22988505747126436 0.13095238095238096 0.2777777777777778 0.15 1.0 0.25925925925925924 0.1686746987951807 0.18888888888888888 0.17582417582417584 0.09219858156028368 0.16346153846153846 0.09210526315789473 0.19540229885057472 0.19540229885057472 0.07446808510638298 0.17647058823529413 0.13095238095238096 0.22727272727272727 0.2236842105263158 0.0684931506849315 0.18072289156626506 0.08536585365853659 0.09375 0.13 0.07058823529411765 0.07692307692307693 0.07339449541284404 0.13157894736842105 0.08108108108108109 0.09375 0.16483516483516483 0.14942528735632185 0.22093023255813954 0.14942528735632185 0.21348314606741572 0.0707070707070707 0.07216494845360824 0.06666666666666667 0.16326530612244897 0.10638297872340426 0.21428571428571427 0.42028985507246375 0.1797752808988764 0.1588785046728972 0.06779661016949153 0.18627450980392157 0.08 0.14285714285714285 0.25 0.07692307692307693
0.3670886075949367 0.19047619047619047 0.11494252873563218 0.2 0.18085106382978725 0.11235955056179775 0.17073170731707318 0.25263157894736843 0.25925925925925924 1.0 0.1348314606741573 0.18085106382978725 0.26136363636363635 0.06756756756756757 0.14678899082568808 0.06097560975609756 0.18681318681318682 0.09090909090909091 0.05 0.13043478260869565 0.11235955056179775 0.14285714285714285 0.1686746987951807 0.06493506493506493 0.12087912087912088 0.06896551724137931 0.05714285714285714 0.11428571428571428 0.06741573033707865 0.07407407407407407 0.06140350877192982 0.11764705882352941 0.06329113924050633 0.04225352112676056 0.1956521739130435 0.13043478260869565 0.13541666666666666 0.13043478260869565 0.17894736842105263 0.057692307692307696 0.10204081632653061 0.041666666666666664 0.12380952380952381 0.09090909090909091 0.17142857142857143 0.18604651162790697 0.12371134020618557 0.14285714285714285 0.056910569105691054 0.1574074074074074 0.05660377358490566 0.1134020618556701 0.1875 0.1935483870967742
0.15730337078651685 0.26666666666666666 0.22666666666666666 0.3 0.30864197530864196 0.11904761904761904 0.19736842105263158 0.11764705882352941 0.1686746987951807 0.1348314606741573 1.0 0.13978494623655913 0.1276595744680851 0.06993006993006994 0.17647058823529413 0.05128205128205128 0.14444444444444443 0.1839080459770115 0.06382978723404255 0.2857142857142857 0.11904761904761904 0.2441860465116279 0.2602739726027397 0.08450704225352113 0.49230769230769234 0.060240963855421686 0.06153846153846154 0.3333333333333333 0.08433734939759036 0.0673076923076923 0.04504504504504504 0.14285714285714285 0.06756756756756757 0.078125 0.14130434782608695 0.7068965517241379 0.2839506172839506 0.7068965517241379 0.38961038961038963 0.06060606060606061 0.05102040816326531 0.09195402298850575 0.21505376344086022 0.10752688172043011 0.12380952380952381 0.22784810126582278 0.4246575342465753 0.17142857142857143 0.059322033898305086 0.21212121212121213 0.0594059405940594 0.35526315789473684 0.18478260869565216 0.045454545454545456
0.22826086956521738 0.12903225806451613 0.13333333333333333 0.16091954022988506 0.11538461538461539 0.11827956989247312 0.14772727272727273 0.4418604651162791 0.18888888888888888 0.18085106382978725 0.13978494623655913 1.0 0.6338028169014085 0.06535947712418301 0.1016949152542373 0.022222222222222223 0.7121212121212122 0.10784313725490197 0.028037383177570093 0.12371134020618557 0.11827956989247312 0.11428571428571428 0.14606741573033707 0.04819277108433735 0.11458333333333333 0.053763440860215055 0.05333333333333334 0.10909090909090909 0.041666666666666664 0.04310344827586207 0.04132231404958678 0.09523809523809523 0.03488372093023256 0.06756756756756757 0.5131578947368421 0.12371134020618557 0.09615384615384616 0.12371134020618557 0.125 0.026785714285714284 0.03669724770642202 0.05 0.10810810810810811 0.08653846153846154 0.11304347826086956 0.12631578947368421 0.10679611650485436 0.10833333333333334 0.046511627906976744 0.1111111111111111 0.044642857142857144 0.13 0.12264150943396226 0.025974025974025976
0.4125 0.12903225806451613 0.12087912087912088 0.16091954022988506 0.1262135922330097 0.11827956989247312 0.14772727272727273 0.5897435897435898 0.17582417582417584 0.26136363636363635 0.1276595744680851 0.6338028169014085 1.0 0.05844155844155844 0.1111111111111111 0.033707865168539325 0.43037974683544306 0.0970873786407767 0.03773584905660377 0.12371134020618557 0.11827956989247312 0.11428571428571428 0.14606741573033707 0.07407407407407407 0.11458333333333333 0.053763440860215055 0.06756756756756757 0.10909090909090909 0.041666666666666664 0.05217391304347826 0.04132231404958678 0.104 0.05952380952380952 0.06756756756756757 0.4024390243902439 0.12371134020618557 0.09615384615384616 0.12371134020618557 0.125 0.036036036036036036 0.046296296296296294 0.05 0.10810810810810811 0.08653846153846154 0.13274336283185842 0.12631578947368421 0.08571428571428572 0.11764705882352941 0.046511627906976744 0.1206896551724138 0.05405405405405406 0.1414141414141414 0.13333333333333333 0.05333333333333334
0.059602649006622516 0.08571428571428572 0.08759124087591241 0.08029197080291971 0.08666666666666667 0.08633093525179857 0.08029197080291971 0.062111801242236024 0.09219858156028368 0.06756756756756757 0.06993006993006994 0.06535947712418301 0.05844155844155844 1.0 0.09937888198757763 0.05303030303030303 0.0738255033557047 0.08108108108108109 0.0979020979020979 0.07586206896551724 0.08633093525179857 0.10067114093959731 0.07194244604316546 0.06349206349206349 0.06944444444444445 0.058394160583941604 0.058823529411764705 0.06962025316455696 0.05 0.07692307692307693 0.06134969325153374 0.1144578313253012 0.05426356589147287 0.06779661016949153 0.06578947368421052 0.061224489795918366 0.11805555555555555 0.061224489795918366 0.09333333333333334 0.058823529411764705 0.05263157894736842 0.07801418439716312 0.1111111111111111 0.0738255033557047 0.08024691358024691 0.09219858156028368 0.1258741258741259 0.13924050632911392 0.0963855421686747 0.09259259259259259 0.08609271523178808 0.0457516339869281 0.09210526315789473 0.04132231404958678
0.13392857142857142 0.20202020202020202 0.1717171717171717 0.21052631578947367 0.41304347826086957 0.11320754716981132 0.15 0.11290322580645161 0.16346153846153846 0.14678899082568808 0.17647058823529413 0.1016949152542373 0.1111111111111111 0.09937888198757763 1.0 0.08163265306122448 0.10434782608695652 0.15454545454545454 0.08771929824561403 0.1941747572815534 0.11320754716981132 0.18018018018018017 0.1485148514851485 0.08602150537634409 0.1523809523809524 0.05660377358490566 0.08139534883720931 0.14285714285714285 0.07547169811320754 0.08 0.09375 0.288135593220339 0.11956521739130435 0.06896551724137931 0.11206896551724138 0.16037735849056603 0.18518518518518517 0.16037735849056603 0.1592920353982301 0.10256410256410256 0.07627118644067797 0.08181818181818182 0.20175438596491227 0.10434782608695652 0.12698412698412698 0.16346153846153846 0.15315315315315314 0.3611111111111111 0.07971014492753623 0.45454545454545453 0.09166666666666666 0.13392857142857142 0.16666666666666666 0.10714285714285714
0.05952380952380952 0.08 0.0684931506849315 0.0547945205479452 0.08235294117647059 0.06666666666666667 0.0547945205479452 0.05263157894736842 0.09210526315789473 0.06097560975609756 0.05128205128205128 0.022222222222222223 0.033707865168539325 0.05303030303030303 0.08163265306122448 1.0 0.022988505747126436 0.09876543209876543 0.19444444444444445 0.04938271604938271 0.06666666666666667 0.08139534883720931 0.04 0.125 0.05063291139240506 0.5416666666666666 0.14583333333333334 0.053763440860215055 0.11764705882352941 0.12790697674418605 0.0967741935483871 0.12871287128712872 0.2037037037037037 0.1 0.04597701149425287 0.0759493670886076 0.08433734939759036 0.0759493670886076 0.12048192771084337 0.12345679012345678 0.18666666666666668 0.08 0.07608695652173914 0.18666666666666668 0.07216494845360824 0.07792207792207792 0.08433734939759036 0.09 0.07766990291262135 0.15217391304347827 0.12048192771084337 0.05952380952380952 0.14457831325301204 0.12244897959183673
0.23595505617977527 0.13333333333333333 0.13793103448275862 0.16666666666666666 0.1188118811881188 0.12222222222222222 0.15294117647058825 0.375 0.19540229885057472 0.18681318681318682 0.14444444444444443 0.7121212121212122 0.43037974683544306 0.0738255033557047 0.10434782608695652 0.022988505747126436 1.0 0.1111111111111111 0.028846153846153848 0.1276595744680851 0.12222222222222222 0.11764705882352941 0.1511627906976744 0.05 0.11827956989247312 0.04395604395604396 0.0410958904109589 0.11214953271028037 0.043010752688172046 0.04424778761061947 0.0423728813559322 0.10655737704918032 0.023809523809523808 0.05555555555555555 0.5342465753424658 0.1276595744680851 0.1326530612244898 0.1276595744680851 0.12871287128712872 0.027522935779816515 0.028037383177570093 0.0625 0.1111111111111111 0.0784313725490196 0.11607142857142858 0.13043478260869565 0.11 0.1111111111111111 0.03937007874015748 0.11403508771929824 0.03636363636363636 0.1111111111111111 0.1262135922330097 0.02702702702702703
0.15789473684210525 0.2289156626506024 0.5967741935483871 0.225 0.18947368421052632 0.1348314606741573 0.3424657534246575 0.09009009009009009 0.19540229885057472 0.09090909090909091 0.1839080459770115 0.10784313725490197 0.0970873786407767 0.08108108108108109 0.15454545454545454 0.09876543209876543 0.1111111111111111 1.0 0.12631578947368421 0.15217391304347827 0.1348314606741573 0.16326530612244897 0.13793103448275862 0.09090909090909091 0.31645569620253167 0.09195402298850575 0.07042253521126761 0.14423076923076922 0.07777777777777778 0.09259259259259259 0.0603448275862069 0.13445378151260504 0.075 0.08571428571428572 0.10891089108910891 0.16483516483516483 0.20652173913043478 0.16483516483516483 0.1875 0.07692307692307693 0.0784313725490196 0.10869565217391304 0.14285714285714285 0.1111111111111111 0.1792452830188679 0.18181818181818182 0.20652173913043478 0.14035087719298245 0.08196721311475409 0.17592592592592593 0.09615384615384616 0.13402061855670103 0.3488372093023256 0.02702702702702703
0.038834951456310676 0.08791208791208792 0.10344827586206896 0.05555555555555555 0.0891089108910891 0.2727272727272727 0.06741573033707865 0.04424778761061947 0.07446808510638298 0.05 0.06382978723404255 0.028037383177570093 0.03773584905660377 0.0979020979020979 0.08771929824561403 0.19444444444444445 0.028846153846153848 0.12631578947368421 1.0 0.061855670103092786 0.2727272727272727 0.07766990291262135 0.043478260869565216 0.0945945945945946 0.06315789473684211 0.10843373493975904 0.10606060606060606 0.04504504504504504 0.09302325581395349 0.10576923076923077 0.1111111111111111 0.09090909090909091 0.136986301369863 0.08955223880597014 0.04807692307692308 0.08421052631578947 0.10204081632653061 0.08421052631578947 0.09900990099009901 0.09 0.09183673469387756 0.07608695652173914 0.09345794392523364 0.15053763440860216 0.07017543859649122 0.08602150537634409 0.09090909090909091 0.10434782608695652 0.09322033898305085 0.13761467889908258 0.08823529411764706 0.049019607843137254 0.10784313725490197 0.08955223880597014
0.15217391304347827 0.2894736842105263 0.1875 0.38235294117647056 0.345679012345679 0.12790697674418605 0.189873417721519 0.11428571428571428 0.17647058823529413 0.13043478260869565 0.2857142857142857 0.12371134020618557 0.12371134020618557 0.07586206896551724 0.1941747572815534 0.04938271604938271 0.1276595744680851 0.15217391304347827 0.061855670103092786 1.0 0.12790697674418605 0.26436781609195403 0.28378378378378377 0.08108108108108109 0.19047619047619047 0.04597701149425287 0.058823529411764705 0.26373626373626374 0.056818181818181816 0.07547169811320754 0.05309734513274336 0.22429906542056074 0.06493506493506493 0.07462686567164178 0.125 0.2289156626506024 0.2441860465116279 0.2289156626506024 0.1827956989247312 0.06930693069306931 0.04950495049504951 0.08888888888888889 0.30337078651685395 0.09278350515463918 0.16346153846153846 0.2345679012345679 0.16304347826086957 0.3263157894736842 0.04918032786885246 0.21782178217821782 0.047619047619047616 0.13978494623655913 0.16666666666666666 0.043478260869565216
0.07446808510638298 0.1625 0.15384615384615385 0.14102564102564102 0.13043478260869565 1.0 0.12658227848101267 0.10891089108910891 0.13095238095238096 0.11235955056179775 0.11904761904761904 0.11827956989247312 0.11827956989247312 0.08633093525179857 0.11320754716981132 0.06666666666666667 0.12222222222222222 0.1348314606741573 0.2727272727272727 0.12790697674418605 1.0 0.12903225806451613 0.125 0.07142857142857142 0.11764705882352941 0.06172839506172839 0.08064516129032258 0.1 0.060240963855421686 0.12371134020618557 0.07547169811320754 0.10526315789473684 0.06944444444444445 0.09836065573770492 0.11956521739130435 0.10227272727272728 0.13333333333333333 0.10227272727272728 0.11702127659574468 0.061855670103092786 0.08602150537634409 0.06896551724137931 0.11 0.12222222222222222 0.09433962264150944 0.14457831325301204 0.12087912087912088 0.1308411214953271 0.07894736842105263 0.12380952380952381 0.08247422680412371 0.08602150537634409 0.13829787234042554 0.11666666666666667
0.17525773195876287 0.358974358974359 0.19767441860465115 0.34210526315789475 0.3146067415730337 0.12903225806451613 0.1590909090909091 0.10619469026548672 0.22727272727272727 0.14285714285714285 0.2441860465116279 0.11428571428571428 0.11428571428571428 0.10067114093959731 0.18018018018018017 0.08139534883720931 0.11764705882352941 0.16326530612244897 0.07766990291262135 0.26436781609195403 0.12903225806451613 1.0 0.2261904761904762 0.07317073170731707 0.18681318681318682 0.07608695652173914 0.06666666666666667 0.1941747572815534 0.07446808510638298 0.07017543859649122 0.049586776859504134 0.16806722689075632 0.08433734939759036 0.08108108108108109 0.11538461538461539 0.1827956989247312 0.3218390804597701 0.1827956989247312 0.1919191919191919 0.07407407407407407 0.05555555555555555 0.0707070707070707 0.42528735632183906 0.09615384615384616 0.16216216216216217 0.30120481927710846 0.19791666666666666 0.18584070796460178 0.05426356589147287 0.19090909090909092 0.06306306306306306 0.10679611650485436 0.15384615384615385 0.05263157894736842
0.1927710843373494 0.22972972972972974 0.17333333333333334 0.2608695652173913 0.21428571428571427 0.125 0.1917808219178082 0.13402061855670103 0.2236842105263158 0.1686746987951807 0.2602739726027397 0.14606741573033707 0.14606741573033707 0.07194244604316546 0.1485148514851485 0.04 0.1511627906976744 0.13793103448275862 0.043478260869565216 0.28378378378378377 0.125 0.2261904761904762 1.0 0.07352941176470588 0.2236842105263158 0.037037037037037035 0.04838709677419355 0.17391304347826086 0.04878048780487805 0.08080808080808081 0.037037037037037035 0.12727272727272726 0.056338028169014086 0.06557377049180328 0.14772727272727273 0.1728395061728395 0.20481927710843373 0.1728395061728395 0.17045454545454544 0.052083333333333336 0.05319148936170213 0.07058823529411765 0.1978021978021978 0.08791208791208792 0.14 0.17721518987341772 0.19047619047619047 0.14423076923076922 0.04310344827586207 0.1717171717171717 0.04040404040404041 0.13793103448275862 0.1797752808988764 0.04838709677419355
0.07692307692307693 0.08571428571428572 0.10606060606060606 0.09090909090909091 0.0875 0.07142857142857142 0.07462686567164178 0.06741573033707865 0.0684931506849315 0.06493506493506493 0.08450704225352113 0.04819277108433735 0.07407407407407407 0.06349206349206349 0.08602150537634409 0.125 0.05 0.09090909090909091 0.0945945945945946 0.08108108108108109 0.07142857142857142 0.07317073170731707 0.07352941176470588 1.0 0.0684931506849315 0.078125 0.13636363636363635 0.08139534883720931 0.09230769230769231 0.15 0.10227272727272728 0.09 0.1320754716981132 0.1111111111111111 0.04878048780487805 0.14285714285714285 0.0759493670886076 0.14285714285714285 0.14285714285714285 0.075 0.13513513513513514 0.13432835820895522 0.06818181818181818 0.10526315789473684 0.07608695652173914 0.08333333333333333 0.0625 0.07216494845360824 0.0707070707070707 0.09782608695652174 0.060240963855421686 0.10526315789473684 0.08433734939759036 0.08695652173913043
0.16853932584269662 0.2 0.5245901639344263 0.21052631578947367 0.22988505747126436 0.11764705882352941 0.5333333333333333 0.10576923076923077 0.18072289156626506 0.12087912087912088 0.49230769230769234 0.11458333333333333 0.11458333333333333 0.06944444444444445 0.1523809523809524 0.05063291139240506 0.11827956989247312 0.31645569620253167 0.06315789473684211 0.19047619047619047 0.11764705882352941 0.18681318681318682 0.2236842105263158 0.0684931506849315 1.0 0.05952380952380952 0.14754098360655737 0.24175824175824176 0.08333333333333333 0.05660377358490566 0.06363636363636363 0.12173913043478261 0.06666666666666667 0.14754098360655737 0.11578947368421053 0.3333333333333333 0.20689655172413793 0.3333333333333333 0.16129032258064516 0.0707070707070707 0.050505050505050504 0.07865168539325842 0.14 0.10638297872340426 0.26595744680851063 0.15294117647058825 0.3291139240506329 0.14814814814814814 0.07692307692307693 0.18627450980392157 0.125 0.31645569620253167 0.3253012048192771 0.029411764705882353
0.06741573033707865 0.07407407407407407 0.06329113924050633 0.05063291139240506 0.06521739130434782 0.06172839506172839 0.05063291139240506 0.0707070707070707 0.08536585365853659 0.06896551724137931 0.060240963855421686 0.053763440860215055 0.053763440860215055 0.058394160583941604 0.05660377358490566 0.5416666666666666 0.04395604395604396 0.09195402298850575 0.10843373493975904 0.04597701149425287 0.06172839506172839 0.07608695652173914 0.037037037037037035 0.078125 0.05952380952380952 1.0 0.12962962962962962 0.061224489795918366 0.1388888888888889 0.10752688172043011 0.06930693069306931 0.10091743119266056 0.16393442622950818 0.12962962962962962 0.06593406593406594 0.05813953488372093 0.07865168539325842 0.05813953488372093 0.1 0.10227272727272728 0.1728395061728395 0.07407407407407407 0.07142857142857142 0.11764705882352941 0.057692307692307696 0.08536585365853659 0.07865168539325842 0.06481481481481481 0.08333333333333333 0.07692307692307693 0.16470588235294117 0.05555555555555555 0.12222222222222222 0.07017543859649122
0.08571428571428572 0.07936507936507936 0.16071428571428573 0.0847457627118644 0.0821917808219178 0.08064516129032258 0.16363636363636364 0.06097560975609756 0.09375 0.05714285714285714 0.06153846153846154 0.05333333333333334 0.06756756756756757 0.058823529411764705 0.08139534883720931 0.14583333333333334 0.0410958904109589 0.07042253521126761 0.10606060606060606 0.058823529411764705 0.08064516129032258 0.06666666666666667 0.04838709677419355 0.13636363636363635 0.14754098360655737 0.12962962962962962 1.0 0.0625 0.08620689655172414 0.09090909090909091 0.12658227848101267 0.07446808510638298 0.20930232558139536 0.4482758620689655 0.04 0.09090909090909091 0.0547945205479452 0.09090909090909091 0.08108108108108109 0.09859154929577464 0.15151515151515152 0.0625 0.04878048780487805 0.15151515151515152 0.12345679012345678 0.06060606060606061 0.0547945205479452 0.06666666666666667 0.11363636363636363 0.08139534883720931 0.19402985074626866 0.08571428571428572 0.09333333333333334 0.13513513513513514
0.12264150943396226 0.1935483870967742 0.17391304347826086 0.2159090909090909 0.23232323232323232 0.1 0.15053763440860216 0.1016949152542373 0.13 0.11428571428571428 0.3333333333333333 0.10909090909090909 0.10909090909090909 0.06962025316455696 0.14285714285714285 0.053763440860215055 0.11214953271028037 0.14423076923076922 0.04504504504504504 0.26373626373626374 0.1 0.1941747572815534 0.17391304347826086 0.08139534883720931 0.24175824175824176 0.061224489795918366 0.0625 1.0 0.09278350515463918 0.08547008547008547 0.047619047619047616 0.14285714285714285 0.06741573033707865 0.0759493670886076 0.12037037037037036 0.2777777777777778 0.2 0.2777777777777778 0.1941747572815534 0.07079646017699115 0.0625 0.08823529411764706 0.19444444444444445 0.09174311926605505 0.13559322033898305 0.18947368421052632 0.1650485436893204 0.16806722689075632 0.06015037593984962 0.1623931623931624 0.05128205128205128 0.1782178217821782 0.14678899082568808 0.036585365853658534
0.05434782608695652 0.07228915662650602 0.075 0.0625 0.07526881720430108 0.060240963855421686 0.0759493670886076 0.04854368932038835 0.07058823529411765 0.06741573033707865 0.08433734939759036 0.041666666666666664 0.041666666666666664 0.05 0.07547169811320754 0.11764705882352941 0.043010752688172046 0.07777777777777778 0.09302325581395349 0.056818181818181816 0.060240963855421686 0.07446808510638298 0.04878048780487805 0.09230769230769231 0.08333333333333333 0.1388888888888889 0.08620689655172414 0.09278350515463918 1.0 0.08247422680412371 0.0784313725490196 0.06086956521739131 0.10606060606060606 0.08620689655172414 0.05319148936170213 0.08139534883720931 0.06521739130434782 0.08139534883720931 0.09782608695652174 0.2692307692307692 0.0898876404494382 0.390625 0.0594059405940594 0.10227272727272728 0.09803921568627451 0.07058823529411765 0.07692307692307693 0.07339449541284404 0.12264150943396226 0.06542056074766354 0.07446808510638298 0.05434782608695652 0.09574468085106383 0.06779661016949153
0.05357142857142857 0.0891089108910891 0.08080808080808081 0.09278350515463918 0.09009009009009009 0.12371134020618557 0.0707070707070707 0.05737704918032787 0.07692307692307693 0.07407407407407407 0.0673076923076923 0.04310344827586207 0.05217391304347826 0.07692307692307693 0.08 0.12790697674418605 0.04424778761061947 0.09259259259259259 0.10576923076923077 0.07547169811320754 0.12371134020618557 0.07017543859649122 0.08080808080808081 0.15 0.05660377358490566 0.10752688172043011 0.09090909090909091 0.08547008547008547 0.08247422680412371 1.0 0.12931034482758622 0.10852713178294573 0.11904761904761904 0.09090909090909091 0.05263157894736842 0.07547169811320754 0.09174311926605505 0.07547169811320754 0.12962962962962962 0.08108108108108109 0.24210526315789474 0.0784313725490196 0.0847457627118644 0.11320754716981132 0.07258064516129033 0.07692307692307693 0.07207207207207207 0.09523809523809523 0.12 0.08870967741935484 0.1619047619047619 0.05357142857142857 0.14814814814814814 0.09090909090909091
0.0423728813559322 0.06481481481481481 0.07692307692307693 0.04716981132075472 0.09565217391304348 0.07547169811320754 0.0673076923076923 0.03875968992248062 0.07339449541284404 0.06140350877192982 0.04504504504504504 0.04132231404958678 0.04132231404958678 0.06134969325153374 0.09375 0.0967741935483871 0.0423728813559322 0.0603448275862069 0.1111111111111111 0.05309734513274336 0.07547169811320754 0.049586776859504134 0.037037037037037035 0.10227272727272728 0.06363636363636363 0.06930693069306931 0.12658227848101267 0.047619047619047616 0.0784313725490196 0.12931034482758622 1.0 0.07246376811594203 0.125 0.09876543209876543 0.041666666666666664 0.0625 0.05084745762711865 0.0625 0.10434782608695652 0.08695652173913043 0.11818181818181818 0.07476635514018691 0.05555555555555555 0.11818181818181818 0.06976744186046512 0.06363636363636363 0.05982905982905983 0.05925925925925926 0.20833333333333334 0.07692307692307693 0.12389380530973451 0.05128205128205128 0.08403361344537816 0.12658227848101267
0.10655737704918032 0.15454545454545454 0.13761467889908258 0.18269230769230768 0.22123893805309736 0.10526315789473684 0.1388888888888889 0.10606060606060606 0.13157894736842105 0.11764705882352941 0.14285714285714285 0.09523809523809523 0.104 0.1144578313253012 0.288135593220339 0.12871287128712872 0.10655737704918032 0.13445378151260504 0.09090909090909091 0.22429906542056074 0.10526315789473684 0.16806722689075632 0.12727272727272726 0.09 0.12173913043478261 0.10091743119266056 0.07446808510638298 0.14285714285714285 0.06086956521739131 0.10852713178294573 0.07246376811594203 1.0 0.1326530612244898 0.07446808510638298 0.10483870967741936 0.11965811965811966 0.1826086956521739 0.11965811965811966 0.15833333333333333 0.096 0.10655737704918032 0.06722689075630252 0.1693548387096774 0.13445378151260504 0.12781954887218044 0.1415929203539823 0.15254237288135594 0.3963963963963964 0.09027777777777778 0.29914529914529914 0.0859375 0.0975609756097561 0.18487394957983194 0.06315789473684211
0.06172839506172839 0.08333333333333333 0.07142857142857142 0.05714285714285714 0.09876543209876543 0.06944444444444445 0.05714285714285714 0.05434782608695652 0.08108108108108109 0.06329113924050633 0.06756756756756757 0.03488372093023256 0.05952380952380952 0.05426356589147287 0.11956521739130435 0.2037037037037037 0.023809523809523808 0.075 0.136986301369863 0.06493506493506493 0.06944444444444445 0.08433734939759036 0.056338028169014086 0.1320754716981132 0.06666666666666667 0.16393442622950818 0.20930232558139536 0.06741573033707865 0.10606060606060606 0.11904761904761904 0.125 0.1326530612244898 1.0 0.15555555555555556 0.023255813953488372 0.07894736842105263 0.10126582278481013 0.07894736842105263 0.1111111111111111 0.1 0.1780821917808219 0.0684931506849315 0.09090909090909091 0.22857142857142856 0.07446808510638298 0.08108108108108109 0.10126582278481013 0.10416666666666667 0.10204081632653061 0.11956521739130435 0.13924050632911392 0.06172839506172839 0.12195121951219512 0.23809523809523808
0.07042253521126761 0.0967741935483871 0.18181818181818182 0.10344827586206896 0.0821917808219178 0.09836065573770492 0.16363636363636364 0.06097560975609756 0.09375 0.04225352112676056 0.078125 0.06756756756756757 0.06756756756756757 0.06779661016949153 0.06896551724137931 0.1 0.05555555555555555 0.08571428571428572 0.08955223880597014 0.07462686567164178 0.09836065573770492 0.08108108108108109 0.06557377049180328 0.1111111111111111 0.14754098360655737 0.12962962962962962 0.4482758620689655 0.0759493670886076 0.08620689655172414 0.09090909090909091 0.09876543209876543 0.07446808510638298 0.15555555555555556 1.0 0.05405405405405406 0.07462686567164178 0.06944444444444445 0.07462686567164178 0.08108108108108109 0.08333333333333333 0.11764705882352941 0.07936507936507936 0.075 0.10144927536231885 0.10975609756097561 0.07692307692307693 0.0547945205479452 0.06666666666666667 0.10112359550561797 0.06896551724137931 0.17647058823529413 0.05555555555555555 0.07894736842105263 0.07692307692307693
0.20430107526881722 0.13043478260869565 0.1348314606741573 0.16279069767441862 0.11650485436893204 0.11956521739130435 0.14942528735632185 0.4470588235294118 0.16483516483516483 0.1956521739130435 0.14130434782608695 0.5131578947368421 0.4024390243902439 0.06578947368421052 0.11206896551724138 0.04597701149425287 0.5342465753424658 0.10891089108910891 0.04807692307692308 0.125 0.11956521739130435 0.11538461538461539 0.14772727272727273 0.04878048780487805 0.11578947368421053 0.06593406593406594 0.04 0.12037037037037036 0.05319148936170213 0.05263157894736842 0.041666666666666664 0.10483870967741936 0.023255813953488372 0.05405405405405406 1.0 0.125 0.10784313725490197 0.125 0.1262135922330097 0.05555555555555555 0.04672897196261682 0.061224489795918366 0.11926605504587157 0.07692307692307693 0.12389380530973451 0.1276595744680851 0.10784313725490197 0.11864406779661017 0.03875968992248062 0.11206896551724138 0.04504504504504504 0.10891089108910891 0.12380952380952381 0.02631578947368421
0.15217391304347827 0.24050632911392406 0.20253164556962025 0.2702702702702703 0.25287356321839083 0.10227272727272728 0.175 0.11428571428571428 0.14942528735632185 0.13043478260869565 0.7068965517241379 0.12371134020618557 0.12371134020618557 0.061224489795918366 0.16037735849056603 0.0759493670886076 0.1276595744680851 0.16483516483516483 0.08421052631578947 0.2289156626506024 0.10227272727272728 0.1827956989247312 0.1728395061728395 0.14285714285714285 0.3333333333333333 0.05813953488372093 0.09090909090909091 0.2777777777777778 0.08139534883720931 0.07547169811320754 0.0625 0.11965811965811966 0.07894736842105263 0.07462686567164178 0.125 1.0 0.20224719101123595 1.0 0.375 0.06930693069306931 0.0707070707070707 0.07692307692307693 0.1717171717171717 0.11578947368421053 0.12037037037037036 0.20481927710843373 0.32098765432098764 0.14545454545454545 0.06666666666666667 0.18269230769230768 0.06796116504854369 0.49295774647887325 0.16666666666666666 0.07462686567164178
0.15625 0.35526315789473684 0.21951219512195122 0.32 0.32558139534883723 0.13333333333333333 0.1511627906976744 0.0990990990990991 0.22093023255813954 0.13541666666666666 0.2839506172839506 0.09615384615384616 0.09615384615384616 0.11805555555555555 0.18518518518518517 0.08433734939759036 0.1326530612244898 0.20652173913043478 0.10204081632653061 0.2441860465116279 0.13333333333333333 0.3218390804597701 0.20481927710843373 0.0759493670886076 0.20689655172413793 0.07865168539325842 0.0547945205479452 0.2 0.06521739130434782 0.09174311926605505 0.05084745762711865 0.1826086956521739 0.10126582278481013 0.06944444444444445 0.10784313725490197 0.20224719101123595 1.0 0.20224719101123595 0.23655913978494625 0.056074766355140186 0.0673076923076923 0.07291666666666667 0.2604166666666667 0.11 0.10526315789473684 0.3125 0.3176470588235294 0.22429906542056074 0.064 0.2549019607843137 0.06481481481481481 0.12121212121212122 0.17 0.0547945205479452
0.15217391304347827 0.24050632911392406 0.20253164556962025 0.2702702702702703 0.25287356321839083 0.10227272727272728 0.175 0.11428571428571428 0.14942528735632185 0.13043478260869565 0.7068965517241379 0.12371134020618557 0.12371134020618557 0.061224489795918366 0.16037735849056603 0.0759493670886076 0.1276595744680851 0.16483516483516483 0.08421052631578947 0.2289156626506024 0.10227272727272728 0.1827956989247312 0.1728395061728395 0.14285714285714285 0.3333333333333333 0.05813953488372093 0.09090909090909091 0.2777777777777778 0.08139534883720931 0.07547169811320754 0.0625 0.11965811965811966 0.07894736842105263 0.07462686567164178 0.125 1.0 0.20224719101123595 1.0 0.375 0.06930693069306931 0.0707070707070707 0.07692307692307693 0.1717171717171717 0.11578947368421053 0.12037037037037036 0.20481927710843373 0.32098765432098764 0.14545454545454545 0.06666666666666667 0.18269230769230768 0.06796116504854369 0.49295774647887325 0.16666666666666666 0.07462686567164178
0.17525773195876287 0.325 0.19767441860465115 0.3076923076923077 0.23157894736842105 0.11702127659574468 0.24390243902439024 0.11607142857142858 0.21348314606741572 0.17894736842105263 0.38961038961038963 0.125 0.125 0.09333333333333334 0.1592920353982301 0.12048192771084337 0.12871287128712872 0.1875 0.09900990099009901 0.1827956989247312 0.11702127659574468 0.1919191919191919 0.17045454545454544 0.14285714285714285 0.16129032258064516 0.1 0.08108108108108109 0.1941747572815534 0.09782608695652174 0.12962962962962962 0.10434782608695652 0.15833333333333333 0.1111111111111111 0.08108108108108109 0.1262135922330097 0.375 0.23655913978494625 0.375 1.0 0.08411214953271028 0.11764705882352941 0.09278350515463918 0.19230769230769232 0.14 0.16216216216216217 0.27058823529411763 0.2777777777777778 0.15517241379310345 0.0967741935483871 0.18018018018018017 0.08256880733944955 0.16326530612244897 0.2631578947368421 0.08108108108108109
