1.0 0.8613907426755816 0.7658334895918774 0.8431899318455635 0.7982472770450213 0.6936303950545777 0.7886389210770602 0.8945933048565085 0.901311212233773 0.9190419299679903 0.8049720178317875 0.9360762893655129 0.9474637213115806 0.45061827308575503 0.783395892285588 0.37888920594617514 0.962203562118067 0.6385542528388178 0.677806300099278 0.7817443282673013 0.6935284972700411 0.7253567679258365 0.8286254205731369 0.3652334117381475 0.7788752679292943 0.5590377706078683 0.6149868209417427 0.8101127105158392 0.29440347902087916 0.49073813401180305 0.5962155972342469 0.6176882080887875 0.36906211359280655 0.5943000579149835 0.9034856737326659 0.8308228897961216 0.8311226336646504 0.8388625503097025 0.868819525610099 0.38902265392585694 0.6440630861964942 0.3101445755252527 0.7100666328425186 0.5782300143915217 0.5970450319647845 0.8426562944325133 0.8180114137170512 0.6721796660212249 0.5690676043069706 0.6690942349245298 0.6106917838052041 0.8292608299969694 0.685611668312975 0.4844243452951746
0.8613907426755816 1.0 0.9116898037291129 0.9644903000671236 0.876374727287021 0.7475932963751 0.8766306244530939 0.7913977704274519 0.978762969235148 0.8425478146355443 0.9083971363682081 0.8222352372871983 0.8355591764601527 0.3624585203499379 0.7966652368443403 0.4905257000415678 0.831671198650792 0.7466176750903983 0.6970530050387418 0.8719245867663633 0.7475900587162191 0.7493308643113382 0.9104871078673769 0.5327376061617837 0.8510152226075357 0.6051073980824185 0.6983352228216468 0.8046135679387073 0.3989587064551281 0.550433846081476 0.5537852468765089 0.621406915915407 0.48112923118224443 0.6753687318179882 0.7953481974437975 0.9105673581284622 0.9070564303222631 0.9108437665664543 0.8600495539331817 0.4282307175172288 0.6206786085161715 0.4104827835620722 0.726044789458041 0.6463408734416676 0.4918255236938163 0.9911937842715396 0.8294398850635459 0.6646976155948777 0.5299556915664905 0.6832605397342575 0.5722129451425485 0.8502285969801932 0.6672750266549993 0.42863964991629394
0.7658334895918774 0.9116898037291129 1.0 0.9393860003430005 0.8069081738753859 0.7063867982717674 0.968171958445127 0.715478637707896 0.9118905512625317 0.7659664015358492 0.9006021332607056 0.7440544323228188 0.7608903659344575 0.3072011595077241 0.704276295591944 0.5521128839669717 0.7458889031675265 0.7572237016560707 0.6673852817004345 0.8102375606599815 0.7064132626026958 0.6665925518725325 0.880442686635583 0.6060749520788142 0.9046230526980352 0.6238445377064186 0.7877000801150135 0.7334290784727401 0.43812347241329236 0.5824221286483859 0.5344831655115116 0.5373192670709259 0.576664583476885 0.7595097354032827 0.718850188114682 0.8829663553481143 0.7824313769709661 0.8883348079855813 0.7998128625102151 0.4293397078617367 0.6320454207002686 0.4305123881779177 0.6499055981017077 0.6610710496089974 0.4283694981183655 0.9109650201919599 0.7630785257985719 0.5637654969100329 0.5008646835487497 0.602388570436469 0.5742192580523153 0.8303193705605889 0.6418358846363547 0.4142519910922284
0.8431899318455635 0.9644903000671236 0.9393860003430005 1.0 0.8528971957475169 0.7283433337455383 0.9427764556553548 0.7776120530078301 0.9787527551093304 0.8362260163404873 0.9184381701440375 0.79920735136983 0.8201951608651457 0.324385762905636 0.7538814804688355 0.5039866763769215 0.808397548503898 0.7246625743451179 0.65604791210349 0.8671736472034689 0.7283646556810031 0.7004637008811865 0.9332780193180644 0.5589020997748371 0.8805407449667522 0.5730441939476335 0.7191305152913754 0.7550311416847238 0.39692544047856976 0.5354535508608524 0.5077238424575603 0.5680512307798558 0.5170926864892885 0.6937050189377775 0.781061223509213 0.9132584982940757 0.841704171143764 0.9100211384758061 0.810751952521567 0.3993760991227417 0.5947181756179243 0.396989949433821 0.6723117989639112 0.616965273555136 0.4522799030292955 0.9587301259202919 0.7940611509485176 0.6082252248074185 0.4843959591766873 0.6371946636350829 0.5395782910833281 0.8682402449780584 0.645083421916065 0.4359432710843892
0.7982472770450213 0.876374727287021 0.8069081738753859 0.8528971957475169 1.0 0.658963903907268 0.7938609019841556 0.8349226103005863 0.8820308598955117 0.8777127067428826 0.8453118255231387 0.7696262703466074 0.7696440587635944 0.46644826892756097 0.911151911508206 0.47765631346866627 0.7699163579463586 0.7753373625575591 0.6650994172219296 0.9282518647032569 0.6589218921426647 0.7973631003465489 0.8650113075463451 0.5265206769576762 0.8148965339179332 0.6383270141094266 0.6103630330008722 0.8348569905215922 0.467294979017425 0.5962095551049054 0.6109157099842453 0.7308204532209319 0.427047614214654 0.5934785332546786 0.8377645674432163 0.8500812744207684 0.909826549518536 0.8544376315140358 0.8387700599213445 0.5522439104867174 0.6002946589370344 0.505064204927047 0.8006135008429511 0.646242311745023 0.5968385445236881 0.8775851577425339 0.8326275738950147 0.7767380873008448 0.5924838172086129 0.7877742184627701 0.6367401703709398 0.7907004552262548 0.7260822191065938 0.3464793837275429
0.6936303950545777 0.7475932963751 0.7063867982717674 0.7283433337455383 0.658963903907268 1.0 0.6897587926949197 0.7230943043752089 0.748860144083917 0.6800724668607001 0.6967540868583227 0.7611411076785577 0.7592270669946698 0.318650145873293 0.5912707897021316 0.5441961873001251 0.7632853351346405 0.5934299053190317 0.8646837541713682 0.6606868292933155 0.9999988351554123 0.5769762697194829 0.7069806027879505 0.49368632715023053 0.6839239684078484 0.6276874385782056 0.726897219718446 0.6306218450360949 0.4191817619770249 0.5528018714722372 0.46674086887093486 0.48600589833515073 0.5398342962396684 0.7224396782407144 0.7373520325693885 0.690212462619364 0.69044184959246 0.6980567107910988 0.6804310052285264 0.426927624996678 0.61684081337711 0.38227240910872246 0.5528805757563829 0.6296166824944248 0.4172839877554296 0.7545924872963525 0.6834291358882404 0.48675568311955747 0.47313241063500383 0.5494637062406785 0.5059999086580286 0.663969847097241 0.5621182550858765 0.576163461852363
0.7886389210770602 0.8766306244530939 0.968171958445127 0.9427764556553548 0.7938609019841556 0.6897587926949197 1.0 0.7427110628604081 0.9130825362026486 0.795562643228558 0.8898193940836484 0.7567733574529689 0.7792394611289979 0.3089292485126669 0.6962684648609218 0.5293051061781948 0.7618470543380498 0.724580933525574 0.6447591407176505 0.8043452867892901 0.6897886210916682 0.6454347943009424 0.8840379294282759 0.5785586207389493 0.9166752526979077 0.5959605146708666 0.7771573412520215 0.7146740814025649 0.4136857343537334 0.5573322818052019 0.5218027526198533 0.5227956974670389 0.5607370649286001 0.7495114115698618 0.7445334382209997 0.8782475910281092 0.7529876437043419 0.8759908206155347 0.778281165528087 0.4099582120709221 0.6247680603766649 0.40261141461353467 0.620472873397368 0.6285236668116629 0.4337793488489878 0.8779329731260831 0.7547384731940604 0.5482818569423834 0.484804748878962 0.5923333635621487 0.5684270467048007 0.849785039296745 0.6443645798009134 0.42741575276949895
0.8945933048565085 0.7913977704274519 0.715478637707896 0.7776120530078301 0.8349226103005863 0.7230943043752089 0.7427110628604081 1.0 0.836931955911441 0.8951563801765021 0.776036269668109 0.9370913852826748 0.9391455900539536 0.5035053137154837 0.7967715092507152 0.41755190943832615 0.9107686588291477 0.6549654757929867 0.7284598839939828 0.8037506443015796 0.7229785292577185 0.7255865231470283 0.7952178879679384 0.39183888556443275 0.7618013203966864 0.6189362539878304 0.6100433411901751 0.8188071874830178 0.3602899428532747 0.557142105477683 0.619840517558378 0.6515046062796032 0.3829686350911948 0.5974477295163682 0.9718743544624721 0.7944103443168292 0.8088811991155176 0.8027912264907118 0.8464625313225453 0.48564793967688985 0.6573541607881692 0.3792771234869604 0.7157281320214143 0.6185540792125075 0.6405223926253898 0.7857280578766674 0.8030206846490294 0.6921110317637991 0.610449097310095 0.7023826526891461 0.6498318406983181 0.8064924209311796 0.7090814706885388 0.46675651899560056
0.901311212233773 0.978762969235148 0.9118905512625317 0.9787527551093304 0.8820308598955117 0.748860144083917 0.9130825362026486 0.836931955911441 1.0 0.8887629889291011 0.912957933652376 0.8539498983560602 0.8710815727543925 0.3704072880726088 0.8003788412303949 0.48743776017421836 0.8665495374882851 0.7270572052726341 0.6945230889376337 0.88402309512152 0.7488524082240028 0.7397490043979885 0.9283213850852096 0.5169228973202603 0.873812500445583 0.6010819953066475 0.7044574302523254 0.8015446833451785 0.38869865464017855 0.5444948432372061 0.5512407015890654 0.6133297329668217 0.4860243919315629 0.6803619749583925 0.8426278182946826 0.9172471516087654 0.8846230592265439 0.917715817082205 0.8562504374231042 0.42168467847827473 0.6299198183243861 0.39896430689132384 0.7179173528809598 0.6355315511255619 0.50386934984946 0.9700886054989382 0.8353731649470295 0.6592558163121602 0.5240710905492577 0.682610763841845 0.5789131621839946 0.8758765945030592 0.6812225601657764 0.4440280521312812
0.9190419299679903 0.8425478146355443 0.7659664015358492 0.8362260163404873 0.8777127067428826 0.6800724668607001 0.795562643228558 0.8951563801765021 0.8887629889291011 1.0 0.7991734810426969 0.8604851812224972 0.8677253945837982 0.49902715600624387 0.8470271054638366 0.42145410833445013 0.8792815455131191 0.7024891269715431 0.6680761672263831 0.8486536437622286 0.6799836791562249 0.7825550841494608 0.8530621790336218 0.43702527932769064 0.7824883226762546 0.6046420993337371 0.605365130916203 0.8111175005094816 0.38153238293734976 0.5553093600414172 0.6196174190327067 0.6818561821430337 0.38582650755349673 0.585598524602089 0.9031120135863419 0.8189397829471302 0.875488213945247 0.8255498045116343 0.8778031922078865 0.4751358780653303 0.6269521583537865 0.4030687082401935 0.7735157064183802 0.6003450839951364 0.6454434122234066 0.829225155219618 0.8630930407919776 0.7388254967072146 0.5883269810828234 0.7468681872832665 0.646154428476873 0.7903029142678543 0.7312530054987825 0.45324152372054594
0.8049720178317875 0.9083971363682081 0.9006021332607056 0.9184381701440375 0.8453118255231387 0.6967540868583227 0.8898193940836484 0.776036269668109 0.912957933652376 0.7991734810426969 1.0 0.7780614546255414 0.7917182021219165 0.33670090928058366 0.7415779100095057 0.49223156080519537 0.7825168359211082 0.7231701494630259 0.6523041989765466 0.848684137646658 0.6967620910032387 0.6913939525912536 0.8965537510174658 0.5327324326499916 0.9656531205821983 0.5900664892884461 0.6995379053626933 0.8100451290370791 0.3979768917211318 0.54670380590794 0.5278601460718931 0.5796588796738739 0.48610001479460385 0.6775659286508547 0.780141653968445 0.9927903207803136 0.8169057141500368 0.9916341322931614 0.806704864017122 0.44723415238044784 0.6036301142569129 0.405863698881214 0.6729633001809798 0.6579575761202656 0.4657763002558155 0.9055445383741326 0.8518521288096025 0.6117252939726092 0.5034511252227649 0.6371006867698206 0.5593890168002542 0.9377587529638088 0.6485504022305967 0.4161856785887188
0.9360762893655129 0.8222352372871983 0.7440544323228188 0.79920735136983 0.7696262703466074 0.7611411076785577 0.7567733574529689 0.9370913852826748 0.8539498983560602 0.8604851812224972 0.7780614546255414 1.0 0.989848762229409 0.4555353541628828 0.7524760705666521 0.40429268382669836 0.9756064497284624 0.6411551619340129 0.7503386501172871 0.7483762516838335 0.7610421224563748 0.7040913794298996 0.7764578186500909 0.3763178448944221 0.7552152656413719 0.6008902346977892 0.6402828667939137 0.8006502138819795 0.3200730735966127 0.5342456660690008 0.6071184224735862 0.610725305145375 0.39154225753673516 0.6319419386484111 0.9233866213526875 0.7964843490823399 0.7962729508198019 0.8050072718541826 0.850602733744195 0.4194432051121223 0.6762038798542381 0.3285023581875442 0.683384496793234 0.6209054047672122 0.5838402281284472 0.8169346102859918 0.7950632603695992 0.6452786276848338 0.598458177093218 0.6596273185486523 0.6297959140221324 0.8275935281688919 0.6825783945023944 0.49151930183010245
0.9474637213115806 0.8355591764601527 0.7608903659344575 0.8201951608651457 0.7696440587635944 0.7592270669946698 0.7792394611289979 0.9391455900539536 0.8710815727543925 0.8677253945837982 0.7917182021219165 0.989848762229409 1.0 0.43209163982045073 0.743005948682479 0.4056595069933146 0.966233929250782 0.6375293448895076 0.7335284827715632 0.7492107703402969 0.7591312552341394 0.6933501803668765 0.7913579277700301 0.3798066600859346 0.7667584239826966 0.588448145929809 0.6495669779681118 0.7867334484626293 0.31206874537259555 0.5248839023146339 0.5858319042946616 0.5883261134481487 0.4018919058014407 0.6334639095264902 0.912325979305694 0.8116498775351121 0.7929514913594452 0.8196260999094098 0.8518602642916882 0.4029127835744043 0.6704145616797171 0.3177458870648215 0.6701191248295584 0.6086517475135164 0.5730039281573119 0.8241952476884994 0.7934899288867984 0.627317665691818 0.5786875217753693 0.6434236317554994 0.6157018883320864 0.8433785969245692 0.6764553580095516 0.5241794560196577
0.45061827308575503 0.3624585203499379 0.3072011595077241 0.324385762905636 0.46644826892756097 0.318650145873293 0.3089292485126669 0.5035053137154837 0.3704072880726088 0.49902715600624387 0.33670090928058366 0.4555353541628828 0.43209163982045073 1.0 0.5763791979017004 0.20320760178086647 0.45522670718590075 0.40313789879556144 0.4164697770629001 0.4208509089575081 0.3185185422801307 0.5243021035719727 0.36027619116007825 0.21718429883056037 0.34601317071973653 0.38976129421670097 0.2668518568276544 0.547379803401085 0.26273629685367395 0.4008567173991291 0.6350206471648137 0.6392504529920705 0.14821524007419837 0.2663448610892058 0.5058745233513201 0.354135952120325 0.4963644583150125 0.3582820377147612 0.5119187084071447 0.4717326464665882 0.41381964076397126 0.32192944457583816 0.5778165531355207 0.3846236661614591 0.7043448355704041 0.3671749520123446 0.4900144096988698 0.6813055995832895 0.6037060320441842 0.6018737741403278 0.5743204972069262 0.3420235654615896 0.4959186802306295 0.16822169231623185
0.783395892285588 0.7966652368443403 0.704276295591944 0.7538814804688355 0.911151911508206 0.5912707897021316 0.6962684648609218 0.7967715092507152 0.8003788412303949 0.8470271054638366 0.7415779100095057 0.7524760705666521 0.743005948682479 0.5763791979017004 1.0 0.4066687912476584 0.7523589110818539 0.7390975210839893 0.6453595691584864 0.8403574163625703 0.5911883091747462 0.8197357578052059 0.7606454429304086 0.45318850608978534 0.7193682783455471 0.6122778305590793 0.5353201502396853 0.8460329903004616 0.4266142156799317 0.5858258166963605 0.6995465367484923 0.8189163425239422 0.3535222093479274 0.5277096096103494 0.798064077246399 0.7615561905751321 0.9015136218931622 0.7634169581150252 0.8496900638486984 0.56095218537451 0.6008454250558796 0.48610116379024026 0.8617193014761146 0.6308566433074388 0.6848633680852834 0.8075582102969353 0.8358516103287783 0.8953380410762831 0.6567977314871651 0.8574358657841628 0.684786416850278 0.7229714044449712 0.7389839771598682 0.2997988773813783
0.37888920594617514 0.4905257000415678 0.5521128839669717 0.5039866763769215 0.47765631346866627 0.5441961873001251 0.5293051061781948 0.41755190943832615 0.48743776017421836 0.42145410833445013 0.49223156080519537 0.40429268382669836 0.4056595069933146 0.20320760178086647 0.4066687912476584 1.0 0.4007937428270566 0.5728469792389166 0.578262832005627 0.5250797604261223 0.5442415724378482 0.4533763451495316 0.5250496681090584 0.5952159709786027 0.511547345086312 0.7562479192007051 0.6132154544624755 0.4027115785373357 0.5571157635894263 0.5521974066940896 0.32369794642506816 0.42022791330107007 0.609952116495316 0.6014607393660043 0.42412407817584546 0.4754897232098013 0.4833901428158667 0.4746674022798128 0.42648168872438325 0.4918234027740074 0.5090615722216816 0.4988846405611753 0.41164190994035676 0.5801623091830599 0.29229614967985673 0.50117527925349 0.4852326020431767 0.3521703321744913 0.2958211477723266 0.46727937262158314 0.4080693432323182 0.44419134675689537 0.4996270335079368 0.34487768477440633
0.962203562118067 0.831671198650792 0.7458889031675265 0.808397548503898 0.7699163579463586 0.7632853351346405 0.7618470543380498 0.9107686588291477 0.8665495374882851 0.8792815455131191 0.7825168359211082 0.9756064497284624 0.966233929250782 0.45522670718590075 0.7523589110818539 0.4007937428270566 1.0 0.6353171975953039 0.7522971859030858 0.7508307831829436 0.763183088565429 0.7047223355343357 0.7903616695083168 0.36958977842363466 0.756790443125055 0.5970843870353292 0.6427548343803342 0.7985967767707554 0.31343052409383354 0.5235290619102717 0.6011366932499717 0.6042028681631567 0.3915536774275406 0.6323691562386302 0.9377103082545066 0.8028440455893591 0.8018993259088284 0.8119377715167165 0.856258303172077 0.40839561876058006 0.6772764532656452 0.320090909355263 0.6821388691561099 0.6103446376604695 0.5871535135006051 0.8222380101483139 0.8015123451795875 0.6423911472853299 0.5905692558017257 0.6560168298801331 0.6250574783265271 0.7996876749382957 0.6822016316365335 0.5141042801947059
0.6385542528388178 0.7466176750903983 0.7572237016560707 0.7246625743451179 0.7753373625575591 0.5934299053190317 0.724580933525574 0.6549654757929867 0.7270572052726341 0.7024891269715431 0.7231701494630259 0.6411551619340129 0.6375293448895076 0.40313789879556144 0.7390975210839893 0.5728469792389166 0.6353171975953039 1.0 0.6228973351115773 0.7501971635767531 0.5934108211723751 0.8065778855952992 0.7206040871087381 0.5757687043729393 0.725559284014373 0.7335367703260791 0.602721374130077 0.7235361529419572 0.5291989104423176 0.7469872176405197 0.6141984678166184 0.7016405609768458 0.4322819025770302 0.5904697053854149 0.6565285103829259 0.7191558232938667 0.7694086162014643 0.7196346462447094 0.7582494218990714 0.6707075926800377 0.6677941550920413 0.5560237370945355 0.7059016938821602 0.7891361675166265 0.6003138380742701 0.7613341471134445 0.7376415094331756 0.6577645084050211 0.5875793934007342 0.7525975387275091 0.7196540685252809 0.6594804999002848 0.7739195899444524 0.30110752583090983
0.677806300099278 0.6970530050387418 0.6673852817004345 0.65604791210349 0.6650994172219296 0.8646837541713682 0.6447591407176505 0.7284598839939828 0.6945230889376337 0.6680761672263831 0.6523041989765466 0.7503386501172871 0.7335284827715632 0.4164697770629001 0.6453595691584864 0.578262832005627 0.7522971859030858 0.6228973351115773 1.0 0.6561243552092904 0.8646134993089677 0.6230865978869162 0.6770001514153969 0.48621890238092846 0.6619409782392885 0.7569434614951891 0.7151885090246424 0.6903086895642218 0.4537816367685517 0.6342565066917657 0.5936235854415559 0.5582678742778174 0.4987932079253052 0.7171878251113786 0.7482587764482254 0.6563958237706725 0.72991761430734 0.6647643787034851 0.7346933378274669 0.5128542256910805 0.7150519137885557 0.4402450759942954 0.6261478311186228 0.701038102357151 0.49713284342411845 0.7106081793913143 0.7409340007781877 0.5615683402528705 0.5766450578448964 0.63202953697207 0.6156520669215824 0.6340686517270425 0.6402253667550823 0.4831801150322765
0.7817443282673013 0.8719245867663633 0.8102375606599815 0.8671736472034689 0.9282518647032569 0.6606868292933155 0.8043452867892901 0.8037506443015796 0.88402309512152 0.8486536437622286 0.848684137646658 0.7483762516838335 0.7492107703402969 0.4208509089575081 0.8403574163625703 0.5250797604261223 0.7508307831829436 0.7501971635767531 0.6561243552092904 1.0 0.6606727362335931 0.7772608722119788 0.8932611077069048 0.5503048658113274 0.8251928368314877 0.6451407566099733 0.6179055696818737 0.8089155594671471 0.4828261787457128 0.5771783947499974 0.5757958594306005 0.6997568699548491 0.46242583484975497 0.5991322883058974 0.8099706963718576 0.8488148553717171 0.8911754397520791 0.8493830435649885 0.7964650880837001 0.5517624160280216 0.5827684531569748 0.514684418237021 0.7689372719893013 0.6379104539651186 0.5539295407995186 0.8731366152049993 0.8182530452185259 0.7546349664320438 0.5456785593396959 0.7468765408758788 0.6000281458013393 0.8003391171152945 0.6978020401041867 0.3389244632650554
0.6935284972700411 0.7475900587162191 0.7064132626026958 0.7283646556810031 0.6589218921426647 0.9999988351554123 0.6897886210916682 0.7229785292577185 0.7488524082240028 0.6799836791562249 0.6967620910032387 0.7610421224563748 0.7591312552341394 0.3185185422801307 0.5911883091747462 0.5442415724378482 0.763183088565429 0.5934108211723751 0.8646134993089677 0.6606727362335931 1.0 0.5768941769310036 0.7069853079521885 0.49373535549059094 0.6839345298524938 0.6276493260209723 0.7269478152886869 0.6305413724763703 0.4191962961369265 0.552748324210492 0.4666318990403539 0.48591576980088375 0.5398927895187954 0.7224869626208426 0.7372393175571295 0.6902082895430482 0.690382952341711 0.6980433595064514 0.6803014183214717 0.4268829287143257 0.6167755684562983 0.3822720693722289 0.5527782532049185 0.6295836540670782 0.4170928513013115 0.754592690746612 0.6833504710109537 0.4866575547087921 0.4729973691733551 0.5493812657128573 0.505895546486015 0.6639707207877089 0.5620334581437278 0.5761197661179329
0.7253567679258365 0.7493308643113382 0.6665925518725325 0.7004637008811865 0.7973631003465489 0.5769762697194829 0.6454347943009424 0.7255865231470283 0.7397490043979885 0.7825550841494608 0.6913939525912536 0.7040913794298996 0.6933501803668765 0.5243021035719727 0.8197357578052059 0.4533763451495316 0.7047223355343357 0.8065778855952992 0.6230865978869162 0.7772608722119788 0.5768941769310036 1.0 0.7358876857905949 0.4491155742197219 0.6672049729541529 0.656963869954676 0.5070324865880927 0.7876447884113563 0.4124155624102172 0.7006454678820683 0.6694044394777107 0.804542170791899 0.34263595950542997 0.49770490177083726 0.7311843404670124 0.7036362887568501 0.8525400538850123 0.7092016884546989 0.8213522645935072 0.5968955674983225 0.64384317852802 0.46332445724910476 0.8341006671056239 0.7446467281778562 0.684400615203733 0.7539520990438001 0.8172068091091985 0.7916744795703241 0.6263030637845974 0.824748211826551 0.7584577493135362 0.6658577387659967 0.7592565506811191 0.3006437906777261
0.8286254205731369 0.9104871078673769 0.880442686635583 0.9332780193180644 0.8650113075463451 0.7069806027879505 0.8840379294282759 0.7952178879679384 0.9283213850852096 0.8530621790336218 0.8965537510174658 0.7764578186500909 0.7913579277700301 0.36027619116007825 0.7606454429304086 0.5250496681090584 0.7903616695083168 0.7206040871087381 0.6770001514153969 0.8932611077069048 0.7069853079521885 0.7358876857905949 1.0 0.5639031231377853 0.8735161264764879 0.6033466378370186 0.6792068269701743 0.763995495679758 0.4303705771731041 0.5514888119478236 0.5217357625462733 0.5947667893659259 0.5043555705287176 0.6526525357395004 0.8028253603157097 0.8902640566121284 0.862283722542202 0.8908091255597957 0.8181021229753479 0.44208398702317553 0.5891458247873488 0.43780876169250227 0.7320299524097431 0.6191405987576015 0.47952413317078796 0.8998039617583347 0.8443705296070899 0.6435704642855367 0.49294052946957284 0.6779940363308145 0.5516355603532469 0.8484150308548409 0.6563733028925642 0.42399710410417063
0.3652334117381475 0.5327376061617837 0.6060749520788142 0.5589020997748371 0.5265206769576762 0.49368632715023053 0.5785586207389493 0.39183888556443275 0.5169228973202603 0.43702527932769064 0.5327324326499916 0.3763178448944221 0.3798066600859346 0.21718429883056037 0.45318850608978534 0.5952159709786027 0.36958977842363466 0.5757687043729393 0.48621890238092846 0.5503048658113274 0.49373535549059094 0.4491155742197219 0.5639031231377853 1.0 0.5503617591796296 0.5134542218325895 0.581562450817489 0.42970626850620536 0.6264940639073892 0.5711448051368289 0.3736731701025201 0.3808794518656859 0.6143729719392201 0.5672006032102906 0.3917592579829632 0.5150177615860406 0.5157058056905669 0.5077366738966239 0.45837092388735245 0.44444266621445244 0.3974053228049624 0.6104364210733823 0.4369688766431663 0.5050308646737018 0.2785136101070537 0.5533167390116362 0.4992201155983154 0.3807563149549002 0.3630163072256274 0.4643143445034851 0.3749832992847029 0.4723669980842768 0.4488893523359362 0.2660610354714355
0.7788752679292943 0.8510152226075357 0.9046230526980352 0.8805407449667522 0.8148965339179332 0.6839239684078484 0.9166752526979077 0.7618013203966864 0.873812500445583 0.7824883226762546 0.9656531205821983 0.7552152656413719 0.7667584239826966 0.34601317071973653 0.7193682783455471 0.511547345086312 0.756790443125055 0.725559284014373 0.6619409782392885 0.8251928368314877 0.6839345298524938 0.6672049729541529 0.8735161264764879 0.5503617591796296 1.0 0.6184385855359618 0.7434728168619353 0.7991853290007689 0.4127268547853929 0.566328678532157 0.5642147703815689 0.5696795462525923 0.5004567437728336 0.7204786537448757 0.7641014582042317 0.9574763834490182 0.7737592270419311 0.9550341693735299 0.7848049166719452 0.47408257353967254 0.6364674844187044 0.42238388568023894 0.6528367495963177 0.6772352534527799 0.46818894305031733 0.8549984365593617 0.8322449282436576 0.5926465045660076 0.5153860639778438 0.6265000939070504 0.5982234998173436 0.9229966902482726 0.6608831363836913 0.39079412814623204
0.5590377706078683 0.6051073980824185 0.6238445377064186 0.5730441939476335 0.6383270141094266 0.6276874385782056 0.5959605146708666 0.6189362539878304 0.6010819953066475 0.6046420993337371 0.5900664892884461 0.6008902346977892 0.588448145929809 0.38976129421670097 0.6122778305590793 0.7562479192007051 0.5970843870353292 0.7335367703260791 0.7569434614951891 0.6451407566099733 0.6276493260209723 0.656963869954676 0.6033466378370186 0.5134542218325895 0.6184385855359618 1.0 0.6685998967268524 0.6311169058335544 0.5354378200139577 0.7162021363122081 0.5842334034174658 0.6338730851314887 0.4486166453654271 0.669299848606697 0.633017136561349 0.5899335352445088 0.6661496652985955 0.5956491972914489 0.6683383480013174 0.6787731508093559 0.7603449564175553 0.5480793565365767 0.6164852396290533 0.7652527006374926 0.5186728393841643 0.6192728823830627 0.6844397937905223 0.56658123689743 0.5417006308245669 0.6812616938227521 0.6869786565180981 0.5513001937572961 0.7274662157137092 0.35412254306120894
0.6149868209417427 0.6983352228216468 0.7877000801150135 0.7191305152913754 0.6103630330008722 0.726897219718446 0.7771573412520215 0.6100433411901751 0.7044574302523254 0.605365130916203 0.6995379053626933 0.6402828667939137 0.6495669779681118 0.2668518568276544 0.5353201502396853 0.6132154544624755 0.6427548343803342 0.602721374130077 0.7151885090246424 0.6179055696818737 0.7269478152886869 0.5070324865880927 0.6792068269701743 0.581562450817489 0.7434728168619353 0.6685998967268524 1.0 0.5946377817595628 0.44335553794934407 0.5167219508107112 0.486091657880445 0.41852934530702907 0.6038823858017737 0.9837241527763838 0.6194017979636742 0.696649154298896 0.6147861715932269 0.6960558875669065 0.634255372727676 0.4098209894922204 0.6611453592521814 0.3970102298552595 0.48673176064319673 0.605214685830059 0.36047794906065994 0.7068074999260469 0.6206289333495187 0.42449413578995254 0.4305649465873764 0.47859859171414026 0.5291495989656438 0.6736570730488048 0.533390678106762 0.5203040612342718
0.8101127105158392 0.8046135679387073 0.7334290784727401 0.7550311416847238 0.8348569905215922 0.6306218450360949 0.7146740814025649 0.8188071874830178 0.8015446833451785 0.8111175005094816 0.8100451290370791 0.8006502138819795 0.7867334484626293 0.547379803401085 0.8460329903004616 0.4027115785373357 0.7985967767707554 0.7235361529419572 0.6903086895642218 0.8089155594671471 0.6305413724763703 0.7876447884113563 0.763995495679758 0.42970626850620536 0.7991853290007689 0.6311169058335544 0.5946377817595628 1.0 0.3768891082869083 0.5940174350583047 0.7722738762921961 0.7429435141363093 0.34961930384077583 0.5870765189969824 0.8231743239641658 0.8284779622396097 0.8600268483508382 0.8311887595931429 0.8733910811942281 0.5555433310222625 0.688021020145649 0.433192565740499 0.7961536561656913 0.7190355190199591 0.6424505989639651 0.8131027674247718 0.8477486552948947 0.7845766622490236 0.6966218652046431 0.762567434610208 0.7272771511503596 0.7953457257171045 0.7371292312031247 0.32186364239809273
0.29440347902087916 0.3989587064551281 0.43812347241329236 0.39692544047856976 0.467294979017425 0.4191817619770249 0.4136857343537334 0.3602899428532747 0.38869865464017855 0.38153238293734976 0.3979768917211318 0.3200730735966127 0.31206874537259555 0.26273629685367395 0.4266142156799317 0.5571157635894263 0.31343052409383354 0.5291989104423176 0.4537816367685517 0.4828261787457128 0.4191962961369265 0.4124155624102172 0.4303705771731041 0.6264940639073892 0.4127268547853929 0.5354378200139577 0.44335553794934407 0.3768891082869083 1.0 0.5025577076753147 0.3644705798368229 0.40362821735599513 0.5102527700467397 0.44211985141323645 0.3649238622043719 0.38618260847538083 0.44967011166966375 0.3843867338319748 0.38066799212551045 0.6137708744431684 0.36907703508043616 0.8493628768181628 0.41690698354313893 0.46686845311907954 0.35168387554258035 0.42068512016873316 0.4326187827295041 0.40433900674142337 0.36562392756497203 0.46744401220973325 0.3790983761480912 0.3472651804048533 0.427995692354835 0.22108542631355196
0.49073813401180305 0.550433846081476 0.5824221286483859 0.5354535508608524 0.5962095551049054 0.5528018714722372 0.5573322818052019 0.557142105477683 0.5444948432372061 0.5553093600414172 0.54670380590794 0.5342456660690008 0.5248839023146339 0.4008567173991291 0.5858258166963605 0.5521974066940896 0.5235290619102717 0.7469872176405197 0.6342565066917657 0.5771783947499974 0.552748324210492 0.7006454678820683 0.5514888119478236 0.5711448051368289 0.566328678532157 0.7162021363122081 0.5167219508107112 0.5940174350583047 0.5025577076753147 1.0 0.5872486963973529 0.598921567736485 0.416570658852716 0.5135780930383637 0.5613859146804095 0.5416651079024977 0.5945549951096654 0.548373294047584 0.6451088923761708 0.6652160535365461 0.666235058647006 0.5566669903037728 0.5849040904352307 0.8020005812347599 0.5345059942856473 0.5692497510452675 0.620206284404375 0.5373838936695049 0.6435500014272604 0.6585018979827897 0.731196528206135 0.49960171554813004 0.7229711748337992 0.2917024857777394
0.5962155972342469 0.5537852468765089 0.5344831655115116 0.5077238424575603 0.6109157099842453 0.46674086887093486 0.5218027526198533 0.619840517558378 0.5512407015890654 0.6196174190327067 0.5278601460718931 0.6071184224735862 0.5858319042946616 0.6350206471648137 0.6995465367484923 0.32369794642506816 0.6011366932499717 0.6141984678166184 0.5936235854415559 0.5757958594306005 0.4666318990403539 0.6694044394777107 0.5217357625462733 0.3736731701025201 0.5642147703815689 0.5842334034174658 0.486091657880445 0.7722738762921961 0.3644705798368229 0.5872486963973529 1.0 0.6886475968446628 0.28092986478778087 0.4851613424555313 0.6216505184551556 0.5489969095061913 0.661025288345549 0.5510261658764556 0.7318726768210074 0.5653178965215576 0.6647339613069289 0.43486204577425897 0.6810843087549152 0.620902684186868 0.6758634586612543 0.5724443215526094 0.6610091062708734 0.7150388788291963 0.7981877347619871 0.672884872513317 0.7927134678699623 0.5357804383216108 0.6629541445742495 0.233590831391886
0.6176882080887875 0.621406915915407 0.5373192670709259 0.5680512307798558 0.7308204532209319 0.48600589833515073 0.5227956974670389 0.6515046062796032 0.6133297329668217 0.6818561821430337 0.5796588796738739 0.610725305145375 0.5883261134481487 0.6392504529920705 0.8189163425239422 0.42022791330107007 0.6042028681631567 0.7016405609768458 0.5582678742778174 0.6997568699548491 0.48591576980088375 0.804542170791899 0.5947667893659259 0.3808794518656859 0.5696795462525923 0.6338730851314887 0.41852934530702907 0.7429435141363093 0.40362821735599513 0.598921567736485 0.6886475968446628 1.0 0.2623300393180371 0.41878292857318794 0.653909895179303 0.596729898853409 0.7668838623039539 0.5973237010666415 0.715823945715231 0.6546070609109886 0.5958027921045971 0.4906490943047861 0.785651672272255 0.6335953720841728 0.7223617544323262 0.6373829212900445 0.7152694209439759 0.8780426783897601 0.6388862015612767 0.8960343201653065 0.6972849960527682 0.5650621145842922 0.783273614739584 0.21474394828185697
0.36906211359280655 0.48112923118224443 0.576664583476885 0.5170926864892885 0.427047614214654 0.5398342962396684 0.5607370649286001 0.3829686350911948 0.4860243919315629 0.38582650755349673 0.48610001479460385 0.39154225753673516 0.4018919058014407 0.14821524007419837 0.3535222093479274 0.609952116495316 0.3915536774275406 0.4322819025770302 0.4987932079253052 0.46242583484975497 0.5398927895187954 0.34263595950542997 0.5043555705287176 0.6143729719392201 0.5004567437728336 0.4486166453654271 0.6038823858017737 0.34961930384077583 0.5102527700467397 0.416570658852716 0.28092986478778087 0.2623300393180371 1.0 0.5834026407729593 0.38882842016313196 0.4668356999514489 0.40355559975821054 0.4690060576141326 0.3963356201550693 0.31426382253039875 0.3893835197566527 0.39000404336471733 0.335220807838658 0.436494078169485 0.214624815564337 0.49099110753032543 0.4148795876680284 0.27055442969976456 0.27284913981103687 0.3288307342970699 0.30938427560541465 0.4465651388152532 0.35693761623171744 0.4310489443539612
0.5943000579149835 0.6753687318179882 0.7595097354032827 0.6937050189377775 0.5934785332546786 0.7224396782407144 0.7495114115698618 0.5974477295163682 0.6803619749583925 0.585598524602089 0.6775659286508547 0.6319419386484111 0.6334639095264902 0.2663448610892058 0.5277096096103494 0.6014607393660043 0.6323691562386302 0.5904697053854149 0.7171878251113786 0.5991322883058974 0.7224869626208426 0.49770490177083726 0.6526525357395004 0.5672006032102906 0.7204786537448757 0.669299848606697 0.9837241527763838 0.5870765189969824 0.44211985141323645 0.5135780930383637 0.4851613424555313 0.41878292857318794 0.5834026407729593 1.0 0.612351793749879 0.6755002775392742 0.5998798938007992 0.6746526008288626 0.6209803290352837 0.4129323329123026 0.6611229581483349 0.3987637830554727 0.47958036219411654 0.6037060660223378 0.3536492205498838 0.6917335772026194 0.6061332124831273 0.42064760472491414 0.4310228550386118 0.47476471076067084 0.5296491137971965 0.6599978785151576 0.5236159667186487 0.4989515334524897
0.9034856737326659 0.7953481974437975 0.718850188114682 0.781061223509213 0.8377645674432163 0.7373520325693885 0.7445334382209997 0.9718743544624721 0.8426278182946826 0.9031120135863419 0.780141653968445 0.9233866213526875 0.912325979305694 0.5058745233513201 0.798064077246399 0.42412407817584546 0.9377103082545066 0.6565285103829259 0.7482587764482254 0.8099706963718576 0.7372393175571295 0.7311843404670124 0.8028253603157097 0.3917592579829632 0.7641014582042317 0.633017136561349 0.6194017979636742 0.8231743239641658 0.3649238622043719 0.5613859146804095 0.6216505184551556 0.653909895179303 0.38882842016313196 0.612351793749879 1.0 0.7957839384972756 0.8111480331251212 0.8057273821586566 0.8500002918821378 0.488001094457567 0.6654125196756936 0.3833626068462912 0.7206454291051925 0.6248971128378685 0.6389425834614204 0.7910031807196083 0.8085759542183621 0.6934923750476566 0.6143681646562038 0.706306415183199 0.6547413116319757 0.7753862612257045 0.7114788281212738 0.4716721159802613
0.8308228897961216 0.9105673581284622 0.8829663553481143 0.9132584982940757 0.8500812744207684 0.690212462619364 0.8782475910281092 0.7944103443168292 0.9172471516087654 0.8189397829471302 0.9927903207803136 0.7964843490823399 0.8116498775351121 0.354135952120325 0.7615561905751321 0.4754897232098013 0.8028440455893591 0.7191558232938667 0.6563958237706725 0.8488148553717171 0.6902082895430482 0.7036362887568501 0.8902640566121284 0.5150177615860406 0.9574763834490182 0.5899335352445088 0.696649154298896 0.8284779622396097 0.38618260847538083 0.5416651079024977 0.5489969095061913 0.596729898853409 0.4668356999514489 0.6755002775392742 0.7957839384972756 1.0 0.8341067128699949 0.9956132805996912 0.8237438488957263 0.44807876074600267 0.6152749567406238 0.397412067626131 0.6837769535220687 0.6545662074643699 0.48894528086500755 0.908339255253687 0.8664245582082288 0.6333723320205998 0.5173576600405089 0.652360679404077 0.5744788055245876 0.9508360291720551 0.6614447100477734 0.4240820934451405
0.8311226336646504 0.9070564303222631 0.7824313769709661 0.841704171143764 0.909826549518536 0.69044184959246 0.7529876437043419 0.8088811991155176 0.8846230592265439 0.875488213945247 0.8169057141500368 0.7962729508198019 0.7929514913594452 0.4963644583150125 0.9015136218931622 0.4833901428158667 0.8018993259088284 0.7694086162014643 0.72991761430734 0.8911754397520791 0.690382952341711 0.8525400538850123 0.862283722542202 0.5157058056905669 0.7737592270419311 0.6661496652985955 0.6147861715932269 0.8600268483508382 0.44967011166966375 0.5945549951096654 0.661025288345549 0.7668838623039539 0.40355559975821054 0.5998798938007992 0.8111480331251212 0.8341067128699949 1.0 0.8319167998259085 0.8936039897494558 0.534736636887626 0.6269584747105601 0.4888479216623354 0.8518380444975644 0.6752627695983567 0.6107934077665422 0.9101889753048923 0.9102412678922952 0.8233754622960344 0.6164511443264336 0.8250858734110474 0.6476025828813963 0.7823953710033315 0.7252063443972158 0.35783010103417334
0.8388625503097025 0.9108437665664543 0.8883348079855813 0.9100211384758061 0.8544376315140358 0.6980567107910988 0.8759908206155347 0.8027912264907118 0.917715817082205 0.8255498045116343 0.9916341322931614 0.8050072718541826 0.8196260999094098 0.3582820377147612 0.7634169581150252 0.4746674022798128 0.8119377715167165 0.7196346462447094 0.6647643787034851 0.8493830435649885 0.6980433595064514 0.7092016884546989 0.8908091255597957 0.5077366738966239 0.9550341693735299 0.5956491972914489 0.6960558875669065 0.8311887595931429 0.3843867338319748 0.548373294047584 0.5510261658764556 0.5973237010666415 0.4690060576141326 0.6746526008288626 0.8057273821586566 0.9956132805996912 0.8319167998259085 1.0 0.8328872889124597 0.45050545144144355 0.6205448120317894 0.3963140449971841 0.6940698128915889 0.6578466211266791 0.493706027692485 0.904726257477539 0.8691169999589982 0.6339040466671054 0.5240782567652396 0.6534300268329345 0.5793659100325891 0.9447694788352243 0.6640058503896598 0.4317008733326838
0.868819525610099 0.8600495539331817 0.7998128625102151 0.810751952521567 0.8387700599213445 0.6804310052285264 0.778281165528087 0.8464625313225453 0.8562504374231042 0.8778031922078865 0.806704864017122 0.850602733744195 0.8518602642916882 0.5119187084071447 0.8496900638486984 0.42648168872438325 0.856258303172077 0.7582494218990714 0.7346933378274669 0.7964650880837001 0.6803014183214717 0.8213522645935072 0.8181021229753479 0.45837092388735245 0.7848049166719452 0.6683383480013174 0.634255372727676 0.8733910811942281 0.38066799212551045 0.6451088923761708 0.7318726768210074 0.715823945715231 0.3963356201550693 0.6209803290352837 0.8500002918821378 0.8237438488957263 0.8936039897494558 0.8328872889124597 1.0 0.5124519938306421 0.7210640454810869 0.412175626622827 0.8214734840983858 0.7020083264132154 0.6650013847410414 0.8576849749414419 0.8986549052465432 0.7680129072907246 0.7110139264775192 0.7689664724309931 0.7390056306730954 0.7802784332437798 0.7636490620479117 0.41924579069399404
